"CAVS_CODE","CAAB_CODE","NAMES_VARIOUS","SCIENTIFIC_NAME","FAMILY","GENUS","SUBGENUS","SPECIES","SUBSPECIES","NAME_TYPE","NAME_SUBTYPE","RANK","QUALIFICATION","AUTHOR","YEAR","ORIG_COMBINATION","NAME_GUID","NAME_LAST_UPDATE","TAXON_GUID","TAXON_LAST_UPDATE","PARENT_TAXON_GUID","CONCEPT_GUID","PUB_PUB_AUTHOR","PUB_PUB_YEAR","PUB_PUB_TITLE","PUB_PUB_PAGES","PUB_PUB_PARENT_BOOK_TITLE","PUB_PUB_PARENT_JOURNAL_TITLE","PUB_PUB_PARENT_ARTICLE_TITLE","PUB_PUB_PUBLICATION_DATE","PUB_PUB_PUBLISHER","PUB_PUB_FORMATTED","PUB_PUB_QUALIFICATION","PUB_PUB_TYPE","PUBLICATION_GUID","PUBLICATION_LAST_UPDATE","PARENT_PUBLICATION_GUID"
"","37081004","affinis","Aldrovandia affinis (Günther, 1877)","HALOSAURIDAE","Aldrovandia","","affinis","","Valid Name","","Species","","Günther","1877","N","58bbd53b-7237-4069-8c85-13b00d3e64af","20180817T06:14:26.561+0000","552326a0-95a1-439b-b53f-943a3db80904","20190305T04:57:36.559+0000","3e51c5bd-5016-4f5a-a713-c6d2c20de100","552326a0-95a1-439b-b53f-943a3db80904","","","","","","","","","","","","","","",""
"","37081005","phalacra","Aldrovandia phalacra (Vaillant, 1888)","HALOSAURIDAE","Aldrovandia","","phalacra","","Valid Name","","Species","","Vaillant","1888","N","253c6578-4707-4a3c-a69c-c99661bd4e47","20180802T07:37:39.659+0000","8d85b3ba-1bf3-4b56-a386-e0853536273a","20190305T04:57:36.559+0000","3e51c5bd-5016-4f5a-a713-c6d2c20de100","8d85b3ba-1bf3-4b56-a386-e0853536273a","","","","","","","","","","","","","","",""
"","37114013","antipodianus","Alepocephalus antipodianus (Parrott, 1948)","ALEPOCEPHALIDAE","Alepocephalus","","antipodianus","","Valid Name","","Species","","Parrott","1948","N","6692c14e-75ec-479b-84b5-e08d3373a640","20160523T00:06:44.378+0000","d2371ffd-1505-4089-861c-0ab6f362e397","20160606T05:32:28.811+0000","ade0043a-0530-4578-8d69-3752edbd34a9","d2371ffd-1505-4089-861c-0ab6f362e397","","","","","","","","","","","","","","",""
"","37114042","owstoni","Alepocephalus owstoni Tanaka, 1908","ALEPOCEPHALIDAE","Alepocephalus","","owstoni","","Valid Name","","Species","","Tanaka","1908","Y","50347cfc-4bbf-4edc-b25e-e371e770c610","20160523T00:06:44.378+0000","b0fb530a-492c-4d0c-9667-b3eae23b215a","20160606T05:32:28.811+0000","ade0043a-0530-4578-8d69-3752edbd34a9","b0fb530a-492c-4d0c-9667-b3eae23b215a","","","","","","","","","","","","","","",""
"","37114045","triangularis","Alepocephalus triangularis Okamura & Kawanishi, 1984","ALEPOCEPHALIDAE","Alepocephalus","","triangularis","","Valid Name","","Species","","Okamura & Kawanishi","1984","Y","38a5f573-e4c3-4091-87e1-d3cade153cb3","20160523T00:06:44.378+0000","8497bb9a-2003-412e-8b14-7ceeedac17c5","20160606T05:32:28.811+0000","ade0043a-0530-4578-8d69-3752edbd34a9","8497bb9a-2003-412e-8b14-7ceeedac17c5","","","","","","","","","","","","","","",""
"","37266004","verrucosus","Allocyttus verrucosus (Gilchrist, 1906)","OREOSOMATIDAE","Allocyttus","","verrucosus","","Valid Name","","Species","","Gilchrist","1906","N","da0be7c0-a567-4132-a813-927fba8bf05a","20130506T02:36:46.275+0000","d1e7ccac-e0a8-461d-83b1-181b61e63e83","20130506T04:26:12.282+0000","daf66381-5fc6-4909-b492-fb0ca43cda4d","d1e7ccac-e0a8-461d-83b1-181b61e63e83","","","","","","","","","","","","","","",""
"","37441021","fallai","Allothunnus fallai Serventy, 1948","SCOMBRIDAE","Allothunnus","","fallai","","Valid Name","","Species","","Serventy","1948","Y","528df680-171a-4da9-9b5e-c70ad0ff196c","20131008T23:07:52.756+0000","b1939182-d281-48e0-a5db-dc37623da2df","20131008T23:07:52.756+0000","590891d0-552c-4342-b96b-3a398fa7b194","b1939182-d281-48e0-a5db-dc37623da2df","","","","","","","","","","","","","","",""
"","37012001","vulpinus","Alopias vulpinus (Bonnaterre, 1788)","ALOPIIDAE","Alopias","","vulpinus","","Valid Name","","Species","","Bonnaterre","1788","N","e088abbe-5344-4bb1-9500-854a2b069396","20140313T03:41:28.159+0000","e753f025-b2d6-4372-8c6e-390afc730821","20140313T03:41:28.159+0000","4ffdec34-5d8b-4e65-9d18-3416f3aca91c","e753f025-b2d6-4372-8c6e-390afc730821","","","","","","","","","","","","","","",""
"","37257001","cornuta","Anoplogaster cornuta (Valenciennes, 1833)","ANOPLOGASTRIDAE","Anoplogaster","","cornuta","","Valid Name","","Species","","Valenciennes","1833","N","5a8678a2-1a3f-4874-98c6-07fbabef20fc","20160520T07:15:08.678+0000","732817fa-bd1e-4933-b86d-5256b5185c65","20160606T05:15:12.352+0000","8928ee4e-8dcb-482b-ab38-9e63bd753497","732817fa-bd1e-4933-b86d-5256b5185c65","","","","","","","","","","","","","","",""
"","37129001","vorax","Anotopterus vorax (Regan, 1913)","PARALEPIDIDAE","Anotopterus","","vorax","","Valid Name","","Species","","Regan","1913","N","b13e7868-9009-497f-a510-c3dddb43ed44","20160614T07:51:22.914+0000","632ea357-1f19-4872-b00d-388f127f02f9","20161222T00:27:39.419+0000","8171177e-5614-4e27-adb0-efcbbdc7628e","632ea357-1f19-4872-b00d-388f127f02f9","","","","","","","","","","","","","","",""
"","37224008","rostrata","Antimora rostrata (Günther, 1878)","MORIDAE","Antimora","","rostrata","","Valid Name","","Species","","Günther","1878","N","c4e8dcdf-32f4-454a-953f-dc8891461f56","20151111T08:00:52.407+0000","3b11681e-237c-45bf-a7e2-8f32ddbc1503","20151125T23:15:40.328+0000","0c8418fc-1a0c-4f3b-a455-c46975a1e636","3b11681e-237c-45bf-a7e2-8f32ddbc1503","","","","","","","","","","","","","","",""
"","37440012","beckeri","Aphanopus beckeri Parin, 1994","TRICHIURIDAE","Aphanopus","","beckeri","","Valid Name","","Species","","Parin","1994","Y","d4b655f0-27cd-4cd6-8225-665c123ca339","20131008T23:07:52.756+0000","b44cff96-c43f-4561-b9b5-4633edf015d9","20131008T23:07:52.756+0000","dcb74e21-5259-4a9e-9e38-bf1550778351","b44cff96-c43f-4561-b9b5-4633edf015d9","","","","","","","","","","","","","","",""
"","37015020","australis","Apristurus australis Sato, Nakaya & Yorozu, 2008","SCYLIORHINIDAE","Apristurus","","australis","","Valid Name","","Species","","Sato, Nakaya & Yorozu","2008","Y","60997707-f75e-4548-b562-22b82e8db328","20140725T07:02:42.508+0000","bc535953-8360-49a4-9726-a400529ad8e8","20140725T07:02:42.508+0000","f4aaa359-8018-40aa-a9fd-615162870343","bc535953-8360-49a4-9726-a400529ad8e8","","","","","","","","","","","","","","",""
"","37015021","longicephalus","Apristurus longicephalus Nakaya, 1975","SCYLIORHINIDAE","Apristurus","","longicephalus","","Valid Name","","Species","","Nakaya","1975","Y","ccf9461f-8acb-4edc-ad94-50a720c4ec37","20110622T09:26:07.173+0000","9d596fbc-b26f-4786-9043-3c730f07137e","20120416T05:24:25.862+0000","f4aaa359-8018-40aa-a9fd-615162870343","9d596fbc-b26f-4786-9043-3c730f07137e","","","","","","","","","","","","","","",""
"","37015015","platyrhynchus","Apristurus platyrhynchus (Tanaka, 1909)","SCYLIORHINIDAE","Apristurus","","platyrhynchus","","Valid Name","","Species","","Tanaka","1909","N","ecdfad50-0335-4454-9e4d-4f0a11575de2","20110218T01:51:42.612+0000","c967c429-b308-4cbf-935d-d6a27e53a05a","20120416T05:24:25.862+0000","f4aaa359-8018-40aa-a9fd-615162870343","c967c429-b308-4cbf-935d-d6a27e53a05a","","","","","","","","","","","","","","",""
"","37015014","sinensis","Apristurus sinensis Chu & Hu, 1981","SCYLIORHINIDAE","Apristurus","","sinensis","","Valid Name","","Species","","Chu & Hu","1981","Y","062980dc-8b3e-4f09-a2df-298adaf5b06e","20110218T01:51:42.612+0000","76c16339-259f-44a2-9008-1a3f64958855","20120416T05:24:25.862+0000","f4aaa359-8018-40aa-a9fd-615162870343","76c16339-259f-44a2-9008-1a3f64958855","","","","","","","","","","","","","","",""
"","37097001","australiae","Argentina australiae Cohen, 1958","ARGENTINIDAE","Argentina","","australiae","","Valid Name","","Species","","Cohen","1958","Y","b564a817-6afc-4d35-b609-8dd2bf30b99c","20160523T00:06:44.378+0000","bdff8205-c5ab-493c-93aa-56de7f7fda4a","20160606T05:32:28.811+0000","9576d0f3-d6f5-4110-89ab-ff0ee5f74310","bdff8205-c5ab-493c-93aa-56de7f7fda4a","","","","","","","","","","","","","","",""
"","37107006","hemigymnus","Argyropelecus hemigymnus Cocco, 1829","STERNOPTYCHIDAE","Argyropelecus","","hemigymnus","","Valid Name","","Species","","Cocco","1829","Y","4ea62db6-31fc-4f77-bf8d-60ba4a45d68c","20081009T05:11:37.000+0000","8e617735-3764-42a3-be66-9ae9be844634","20100727T00:03:17.157+0000","2e69433c-e89c-4e57-915f-87f5026a2d55","8e617735-3764-42a3-be66-9ae9be844634","","","","","","","","","","","","","","",""
"","37107013","sladeni","Argyropelecus sladeni Regan, 1908","STERNOPTYCHIDAE","Argyropelecus","","sladeni","","Valid Name","","Species","","Regan","1908","Y","92113012-efef-48ad-b31a-c8f34469931d","20081009T05:11:37.000+0000","e4e786d5-b383-4810-9ac4-c53434e0f013","20180313T00:53:05.345+0000","2e69433c-e89c-4e57-915f-87f5026a2d55","e4e786d5-b383-4810-9ac4-c53434e0f013","","","","","","","","","","","","","","",""
"","37067003","mauritianum","Ariosoma mauritianum (Pappenheim, 1914)","CONGRIDAE","Ariosoma","","mauritianum","","Valid Name","","Species","","Pappenheim","1914","N","e6d0b710-e069-48a6-939e-7d59c5cafd17","20180601T04:05:29.723+0000","370eb3f0-3c35-4308-9a84-91a09b5724ec","20190305T04:57:36.559+0000","673f2749-35b5-4b29-9bb4-f46b5e86836d","370eb3f0-3c35-4308-9a84-91a09b5724ec","","","","","","","","","","","","","","",""
"","37440007","anzac","Assurger anzac (Alexander, 1917)","TRICHIURIDAE","Assurger","","anzac","","Valid Name","","Species","","Alexander","1917","N","76ede00f-68f9-445e-92dd-acf343ed16ad","20131008T23:07:52.756+0000","6e0ad2a9-1d35-4d43-a0f5-c1e4b484d7ed","20131008T23:07:52.756+0000","6aacbe1d-8297-4329-b551-e6dba34e07b1","6e0ad2a9-1d35-4d43-a0f5-c1e4b484d7ed","","","","","","","","","","","","","","",""
"","37136001","japonicus","Ateleopus japonicus Bleeker, 1853","ATELEOPODIDAE","Ateleopus","","japonicus","","Valid Name","","Species","","Bleeker","1853","Y","a93925ab-f978-4a18-8898-cd5925a18cc2","20110422T12:31:10.502+0000","ea8d3cc1-fbc9-4c1f-8b96-250723b24fe0","20140219T05:50:25.669+0000","03598f5f-feb9-4513-831d-4399f5b17654","ea8d3cc1-fbc9-4c1f-8b96-250723b24fe0","","","","","","","","","","","","","","",""
"","37441027","rochei","Auxis rochei (Risso, 1810)","SCOMBRIDAE","Auxis","","rochei","","Valid Name","","Species","","Risso","1810","N","cb041fe3-9ee1-4c19-865f-f253ff190272","20131008T23:07:52.756+0000","1e725ffb-3288-48b6-be54-a23a98aada15","20131008T23:07:52.756+0000","9c8a0e53-7499-48df-a837-7f3a382877ab","1e725ffb-3288-48b6-be54-a23a98aada15","","","","","","","","","","","","","","",""
"","37441009","thazard","Auxis thazard (Lacépède, 1800)","SCOMBRIDAE","Auxis","","thazard","","Valid Name","","Species","","Lacépède","1800","N","9b6ad50c-101b-4355-80ee-e1c585850eea","20131008T23:07:52.756+0000","efcc811c-93c0-447e-9b8c-425cf152bff2","20131008T23:07:52.756+0000","9c8a0e53-7499-48df-a837-7f3a382877ab","efcc811c-93c0-447e-9b8c-425cf152bff2","","","","","","","","","","","","","","",""
"","37076003","paucipora","Avocettina paucipora Nielsen & Smith, 1978","NEMICHTHYIDAE","Avocettina","","paucipora","","Valid Name","","Species","","Nielsen & Smith","1978","Y","dbdee5f4-cfde-4df6-8d7d-a2fff0f7aea9","20180808T04:33:22.203+0000","368b8d23-9d1d-438b-ae32-075ba253d24b","20190305T04:57:36.559+0000","2b6524e7-a88f-4042-8a24-b1f056959ae5","368b8d23-9d1d-438b-ae32-075ba253d24b","","","","","","","","","","","","","","",""
"","37322001","banjos","Banjos banjos (Richardson, 1846)","BANJOSIDAE","Banjos","","banjos","","Valid Name","","Species","","Richardson","1846","N","27b82e68-da4f-447a-a6cb-1c8925a32286","20121109T05:01:50.784+0000","1cd97e54-d35a-412d-983c-d0ce5e1c3c4e","20140219T23:04:17.490+0000","3f2e22aa-c8e3-4d3d-a9ef-06a5176c0c94","1cd97e54-d35a-412d-983c-d0ce5e1c3c4e","","","","","","","","","","","","","","",""
"","37134001","rufa","Barbourisia rufa Parr, 1945","BARBOURISIIDAE","Barbourisia","","rufa","","Valid Name","","Species","","Parr","1945","Y","e9e032ff-aaa8-44e4-af28-3e39b420d629","20081009T05:11:37.000+0000","78dd6713-5655-4c1c-b58d-07b03b398d34","20100727T00:17:56.369+0000","b22d7c4c-40df-4635-b037-b63729f7893d","78dd6713-5655-4c1c-b58d-07b03b398d34","","","","","","","","","","","","","","",""
"","37109004","nigerrimus","Bathophilus nigerrimus Giglioli, 1882","STOMIIDAE","Bathophilus","","nigerrimus","","Valid Name","","Species","","Giglioli","1882","Y","971d441a-9ee0-4d56-94b1-d1877eccc39f","20081009T05:11:37.000+0000","e7c61958-0487-4b12-a0be-05e9315b4b06","20100727T00:03:17.157+0000","882eb693-1fa9-4b0f-85db-1a8450985e02","e7c61958-0487-4b12-a0be-05e9315b4b06","","","","","","","","","","","","","","",""
"","37358001","gracilis","Bathyclupea gracilis Fowler, 1938","BATHYCLUPEIDAE","Bathyclupea","","gracilis","","Valid Name","","Species","","Fowler","1938","Y","80483cbb-903a-4e76-a066-ffb6bff0995b","20131008T23:07:52.756+0000","63164455-abb1-4772-a187-d63618d70dda","20131008T23:07:52.756+0000","e0c7cdbe-3f5e-43ff-b5ae-07158df31f2e","63164455-abb1-4772-a187-d63618d70dda","","","","","","","","","","","","","","",""
"","37232077","spongiceps","Bathygadus spongiceps Gilbert & Hubbs, 1920","BATHYGADIDAE","Bathygadus","","spongiceps","","Valid Name","","Species","","Gilbert & Hubbs","1920","Y","68cad519-4adb-44cd-abdd-4d05ac69ec1d","20151111T12:33:01.772+0000","370d0fc1-62e7-49e0-85cb-2aa456617358","20151125T23:15:40.328+0000","002e6b10-a835-4d2a-be0b-ac31fed084f7","370d0fc1-62e7-49e0-85cb-2aa456617358","","","","","","","","","","","","","","",""
"","37123006","ventralis","Bathypterois ventralis Garman, 1899","IPNOPIDAE","Bathypterois","","ventralis","","Valid Name","","Species","","Garman","1899","Y","d976ea11-fb70-4ef7-8d71-50da11898404","20160721T08:12:20.711+0000","e7ff59d9-c16a-42ae-89c6-fa9f973bdb38","20161222T00:27:39.419+0000","5cbad01a-2602-44be-aca6-8888c909d5c2","e7ff59d9-c16a-42ae-89c6-fa9f973bdb38","","","","","","","","","","","","","","",""
"","37118019","ferox","Bathysaurus ferox Günther, 1878","BATHYSAURIDAE","Bathysaurus","","ferox","","Valid Name","","Species","","Günther","1878","Y","cefeb214-2859-4234-a241-7b404ad144af","20160716T05:27:51.492+0000","07f5219a-7a99-4f0b-bde4-7249345506c8","20161222T00:27:39.419+0000","093daa81-3980-4bc9-968d-88ef1922d11b","07f5219a-7a99-4f0b-bde4-7249345506c8","","","","","","","","","","","","","","",""
"","37067033","vicinus","Bathyuroconger vicinus (Vaillant, 1888)","CONGRIDAE","Bathyuroconger","","vicinus","","Valid Name","","Species","","Vaillant","1888","N","094a4a72-3e51-4154-a632-91e0e370b927","20180801T10:32:38.624+0000","b0cacc5c-341c-4a91-9e63-126498eb4e4c","20190305T04:57:36.559+0000","cc940c91-a1fb-445e-b808-d2d8aaad6789","b0cacc5c-341c-4a91-9e63-126498eb4e4c","","","","","","","","","","","","","","",""
"","37393012","curvatura","Bembrops curvatura Okada & Suzuki, 1952","PERCOPHIDAE","Bembrops","","curvatura","","Valid Name","","Species","","Okada & Suzuki","1952","Y","30d37215-40f5-4347-a363-2d14b4efd7a6","20150921T09:37:10.501+0000","6caf85af-81ee-4369-9263-16a16b6b5844","20151008T04:00:06.190+0000","f78eb187-c432-4a69-871a-00664ef9ff28","6caf85af-81ee-4369-9263-16a16b6b5844","","","","","","","","","","","","","","",""
"","37393015","nelsoni","Bembrops nelsoni Thompson & Suttkus, 2002","PERCOPHIDAE","Bembrops","","nelsoni","","Valid Name","","Species","","Thompson & Suttkus","2002","Y","d85d8366-6a12-4ff8-8c74-45aeec18a2b4","20150921T08:52:41.273+0000","d0368cc4-5ca2-40eb-bfb7-faac283a1150","20151008T04:00:06.190+0000","f78eb187-c432-4a69-871a-00664ef9ff28","d0368cc4-5ca2-40eb-bfb7-faac283a1150","","","","","","","","","","","","","","",""
"","37122078","fibulatum","Benthosema fibulatum (Gilbert & Cramer, 1897)","MYCTOPHIDAE","Benthosema","","fibulatum","","Valid Name","","Species","","Gilbert & Cramer","1897","N","b319ce0b-f3af-4e78-9b86-3c2ae752b880","20081009T05:11:37.000+0000","46252f30-6e7e-4e40-bdc1-368d61481be3","20110729T03:01:32.869+0000","9fbb91a1-f136-464a-b161-ad432234e290","46252f30-6e7e-4e40-bdc1-368d61481be3","","","","","","","","","","","","","","",""
"","37122024","suborbitale","Benthosema suborbitale (Gilbert, 1913)","MYCTOPHIDAE","Benthosema","","suborbitale","","Valid Name","","Species","","Gilbert","1913","N","6f1be8b3-f2e5-4f61-bd55-be2774edcd33","20081009T05:11:37.000+0000","dd5d1552-5891-4851-883d-64308ad2655a","20140221T00:05:58.868+0000","9fbb91a1-f136-464a-b161-ad432234e290","dd5d1552-5891-4851-883d-64308ad2655a","","","","","","","","","","","","","","",""
"","37258001","decadactylus","Beryx decadactylus Cuvier, 1829","BERYCIDAE","Beryx","","decadactylus","","Valid Name","","Species","","Cuvier","1829","Y","46e8e99a-9451-465f-b40e-5e9e496d2098","20151208T07:43:09.391+0000","067f60b1-88bb-4dae-8cf9-32ca7b5d39da","20160606T05:15:12.352+0000","3cf79e24-6239-4970-8197-154662b0750a","067f60b1-88bb-4dae-8cf9-32ca7b5d39da","","","","","","","","","","","","","","",""
"","37258002","splendens","Beryx splendens Lowe, 1833","BERYCIDAE","Beryx","","splendens","","Valid Name","","Species","","Lowe","1833","Y","79e2eca9-3517-4c45-a76c-8ce253321dc1","20160518T04:36:31.482+0000","06645750-e545-47b4-a7cf-17c5aa48871d","20160606T05:15:12.352+0000","3cf79e24-6239-4970-8197-154662b0750a","06645750-e545-47b4-a7cf-17c5aa48871d","","","","","","","","","","","","","","",""
"","37122074","indicus","Bolinichthys indicus (Nafpaktitis & Nafpaktitis, 1969)","MYCTOPHIDAE","Bolinichthys","","indicus","","Valid Name","","Species","","Nafpaktitis & Nafpaktitis","1969","N","6eb4e470-e573-47b3-a705-edd6a25de078","20081009T05:11:37.000+0000","106df1d5-8b1b-4c97-bb04-ea0561318030","20100727T00:07:22.682+0000","2ff48c1f-24e4-4828-9222-7144451fcd1b","106df1d5-8b1b-4c97-bb04-ea0561318030","","","","","","","","","","","","","","",""
"","37122080","pyrsobolus","Bolinichthys pyrsobolus (Alcock, 1890)","MYCTOPHIDAE","Bolinichthys","","pyrsobolus","","Valid Name","","Species","","Alcock","1890","N","6ec6ffd0-adb9-45fa-afcb-e9b127899b32","20081009T05:11:37.000+0000","c38e6665-4534-4abe-aceb-e6e54a37db8e","20100727T00:07:22.682+0000","2ff48c1f-24e4-4828-9222-7144451fcd1b","c38e6665-4534-4abe-aceb-e6e54a37db8e","","","","","","","","","","","","","","",""
"","37106012","pedaliota","Bonapartia pedaliota Goode & Bean, 1896","GONOSTOMATIDAE","Bonapartia","","pedaliota","","Valid Name","","Species","","Goode & Bean","1896","Y","0174cf08-9c27-4a14-97c0-b7894d2297fb","20081009T05:11:37.000+0000","ec6679c9-d296-492e-bc17-3de8fbefcf59","20100727T00:03:17.157+0000","71972051-7342-4969-857a-516e41e0856b","ec6679c9-d296-492e-bc17-3de8fbefcf59","","","","","","","","","","","","","","",""
"","37342010","australis","Brama australis Valenciennes, 1840","BRAMIDAE","Brama","","australis","","Valid Name","","Species","","Valenciennes","1840","Y","5f83f959-3dcb-4d1e-9947-8512c8fb910f","20131008T23:07:52.756+0000","8710e0ae-3049-49c6-a481-ebeee1ffe6ec","20131008T23:07:52.756+0000","1afc04d9-b6e3-470a-80fb-dcb843d7b2f0","8710e0ae-3049-49c6-a481-ebeee1ffe6ec","","","","","","","","","","","","","","",""
"","37331002","australiensis","Branchiostegus australiensis Dooley & Kailola, 1988","MALACANTHIDAE","Branchiostegus","","australiensis","","Valid Name","","Species","","Dooley & Kailola","1988","Y","8ef03833-58da-424f-952e-1af9a5e355f4","20121126T23:34:01.101+0000","76bce184-a375-4675-a0fa-b16e97f8140c","20121126T23:51:11.072+0000","13e0407e-3129-4876-952a-9ffbee532df6","76bce184-a375-4675-a0fa-b16e97f8140c","","","","","","","","","","","","","","",""
"","37225003","atlanticus","Bregmaceros atlanticus Goode & Bean, 1886","BREGMACEROTIDAE","Bregmaceros","","atlanticus","","Valid Name","","Species","","Goode & Bean","1886","Y","99c74313-1d4f-4f8c-8155-ab04732670a2","20100727T00:11:49.202+0000","7e65b128-cd83-465e-80c1-5aea168852bf","20151125T23:15:40.328+0000","a6109905-49e1-414a-9873-965a9c888c50","7e65b128-cd83-465e-80c1-5aea168852bf","","","","","","","","","","","","","","",""
"","37225004","japonicus","Bregmaceros japonicus Tanaka, 1908","BREGMACEROTIDAE","Bregmaceros","","japonicus","","Valid Name","","Species","","Tanaka","1908","Y","befe31e0-0e22-4154-af54-d05d06855e61","20151028T00:41:26.837+0000","a56eb980-ab34-4ccd-946f-cac391aaed7f","20151125T23:15:40.328+0000","a6109905-49e1-414a-9873-965a9c888c50","a56eb980-ab34-4ccd-946f-cac391aaed7f","","","","","","","","","","","","","","",""
"","37466014","gymnura","Caprichthys gymnura McCulloch & Waite, 1915","ARACANIDAE","Caprichthys","","gymnura","","Valid Name","","Species","","McCulloch & Waite","1915","Y","735ac6ec-dda2-488b-84fc-21706851eb60","20140428T04:53:16.496+0000","b88cefce-5410-4e28-9496-4a52be0b852d","20140429T04:00:17.360+0000","9ee93d91-d728-4e3f-a844-6fe2805b64f0","b88cefce-5410-4e28-9496-4a52be0b852d","","","","","","","","","","","","","","",""
"","37018008","falciformis","Carcharhinus falciformis (Müller & Henle, 1839)","CARCHARHINIDAE","Carcharhinus","","falciformis","","Valid Name","","Species","","Müller & Henle","1839","N","88957c9f-45e3-42ec-a037-d1f212a027a2","20140313T03:41:28.159+0000","e7e98bc4-776c-45ec-970e-9b688908e9a1","20140313T03:41:28.159+0000","f8363497-74a7-4c38-801b-c342a151f3a6","e7e98bc4-776c-45ec-970e-9b688908e9a1","","","","","","","","","","","","","","",""
"","37018032","longimanus","Carcharhinus longimanus (Poey, 1861)","CARCHARHINIDAE","Carcharhinus","","longimanus","","Valid Name","","Species","","Poey","1861","N","595d83b6-33fa-4901-84eb-12874fad3117","20140313T03:41:28.159+0000","cb0a68ed-2516-40a0-8214-3e22def363c1","20140313T03:41:28.159+0000","f8363497-74a7-4c38-801b-c342a151f3a6","cb0a68ed-2516-40a0-8214-3e22def363c1","","","","","","","","","","","","","","",""
"","37018003","obscurus","Carcharhinus obscurus (Lesueur, 1818)","CARCHARHINIDAE","Carcharhinus","","obscurus","","Valid Name","","Species","","Lesueur","1818","N","4daa1395-5ce0-44de-ac13-ac830596cd18","20140313T03:41:28.159+0000","98c33d5e-a888-4e3d-99fe-31e0d8d9bae5","20160630T06:08:44.950+0000","f8363497-74a7-4c38-801b-c342a151f3a6","98c33d5e-a888-4e3d-99fe-31e0d8d9bae5","","","","","","","","","","","","","","",""
"","37010003","carcharias","Carcharodon carcharias (Linnaeus, 1758)","LAMNIDAE","Carcharodon","","carcharias","","Valid Name","","Species","","Linnaeus","1758","N","c03ed73d-afec-495c-a9f7-3cfc7eac8fc2","20140313T03:41:28.159+0000","f308a791-3721-4010-87ec-a61868b6ab79","20140313T03:41:28.159+0000","d5d76a31-017d-4fb0-aef3-70594dc0b764","f308a791-3721-4010-87ec-a61868b6ab79","","","","","","","","","","","","","","",""
"","37279001","humerosus","Centriscops humerosus (Richardson, 1846)","CENTRISCIDAE","Centriscops","","humerosus","","Valid Name","","Species","","Richardson","1846","N","7b23dd8b-2508-4457-8d71-4f40a61c01e9","20170501T10:34:03.040+0000","f5e73e90-0c5a-4748-85c7-f2351cec7687","20170727T04:24:54.431+0000","d082e785-cd13-4bf4-b809-1f7c77b0e6da","f5e73e90-0c5a-4748-85c7-f2351cec7687","","","","","","","","","","","","","","",""
"","37258006","australis","Centroberyx australis Shimizu & Hutchins, 1987","BERYCIDAE","Centroberyx","","australis","","Valid Name","","Species","","Shimizu & Hutchins","1987","Y","3f9e0cf1-02ca-4e5d-91b9-da9a66f70aed","20151209T07:04:18.323+0000","69e948ef-414c-4a54-8cdd-94bd79401cc9","20160606T05:15:12.352+0000","dc9cc76f-f885-454c-be06-0637cea65c6e","69e948ef-414c-4a54-8cdd-94bd79401cc9","","","","","","","","","","","","","","",""
"","37122029","nigroocellatus","Centrobranchus nigroocellatus (Günther, 1873)","MYCTOPHIDAE","Centrobranchus","","nigroocellatus","","Valid Name","","Species","","Günther","1873","N","13b0cc7e-07a6-497b-bbbe-4ad56af47f85","20081009T05:11:37.000+0000","7722efed-1a70-45dd-ba98-f74c01f6b0c7","20100727T00:07:22.682+0000","0faf6778-8e41-4092-868b-bb82245e224e","7722efed-1a70-45dd-ba98-f74c01f6b0c7","","","","","","","","","","","","","","",""
"","37445004","niger","Centrolophus niger (Gmelin, 1789)","CENTROLOPHIDAE","Centrolophus","","niger","","Valid Name","","Species","","Gmelin","1789","N","562e43a7-3fd7-456e-84e5-ef13a773f1df","20131008T23:07:52.756+0000","b62a50ae-e25c-4305-84f8-c4cab1da59fa","20131008T23:07:52.756+0000","b2295c43-9463-4f50-89eb-e1a2e932fdc6","b62a50ae-e25c-4305-84f8-c4cab1da59fa","","","","","","","","","","","","","","",""
"","37020023","granulosus","Centrophorus granulosus (Bloch & Schneider, 1801)","CENTROPHORIDAE","Centrophorus","","granulosus","","Valid Name","","Species","","Bloch & Schneider","1801","N","ad5b8c7b-8626-4024-9c97-ad3e617c8497","20140218T22:59:56.485+0000","3e20e41e-b32b-4633-a888-4fdbdf89f427","20140218T23:25:31.531+0000","9f32f941-f61f-4af9-b94f-9f1b66bd2c94","3e20e41e-b32b-4633-a888-4fdbdf89f427","","","","","","","","","","","","","","",""
"","37020001","moluccensis","Centrophorus moluccensis Bleeker, 1860","CENTROPHORIDAE","Centrophorus","","moluccensis","","Valid Name","","Species","","Bleeker","1860","Y","b970445d-9d0a-4672-acd4-3ed16cddb6ee","20140313T03:41:28.159+0000","78b6e610-227e-44a7-8c81-108ee16d70c1","20140313T03:41:28.159+0000","9f32f941-f61f-4af9-b94f-9f1b66bd2c94","78b6e610-227e-44a7-8c81-108ee16d70c1","","","","","","","","","","","","","","",""
"","37020050","westraliensis","Centrophorus westraliensis White, Ebert & Compagno, 2008","CENTROPHORIDAE","Centrophorus","","westraliensis","","Valid Name","","Species","","White, Ebert & Compagno","2008","Y","378b181b-e36f-403c-a803-39149c416401","20140218T06:25:40.122+0000","8a259fb4-1841-48d4-945c-e887cbc1fa34","20140218T23:25:31.531+0000","9f32f941-f61f-4af9-b94f-9f1b66bd2c94","8a259fb4-1841-48d4-945c-e887cbc1fa34","","","","","","","","","","","","","","",""
"","37020011","zeehaani","Centrophorus zeehaani White, Ebert & Compagno, 2008","CENTROPHORIDAE","Centrophorus","","zeehaani","","Valid Name","","Species","","White, Ebert & Compagno","2008","Y","d00e5dfc-502c-4a84-a11e-d18e54596419","20140313T03:41:28.159+0000","3ab20e18-2e2a-4397-ad90-569ddc4a1377","20140313T03:41:28.159+0000","9f32f941-f61f-4af9-b94f-9f1b66bd2c94","3ab20e18-2e2a-4397-ad90-569ddc4a1377","","","","","","","","","","","","","","",""
"","37020024","kamoharai","Centroscyllium kamoharai Abe, 1966","ETMOPTERIDAE","Centroscyllium","","kamoharai","","Valid Name","","Species","","Abe","1966","Y","927dca07-6020-4aa5-a23d-659bb8e773ec","20110603T05:22:35.391+0000","8e39f414-0044-49ae-a2a8-6573bac45943","20120416T05:24:25.862+0000","15a0f180-774d-4ef1-9d84-3e8598f181f1","8e39f414-0044-49ae-a2a8-6573bac45943","","","","","","","","","","","","","","",""
"","37020019","owstonii","Centroscymnus owstonii Garman, 1906","SOMNIOSIDAE","Centroscymnus","","owstonii","","Valid Name","","Species","","Garman","1906","Y","9068f7a7-3003-4cd6-95e6-54cb9272c0d0","20110218T01:51:42.612+0000","72f7beae-ce0e-4ba0-8724-37be3462a108","20120416T05:24:25.862+0000","d9712966-78eb-4151-830c-5270fb3122a0","72f7beae-ce0e-4ba0-8724-37be3462a108","","","","","","","","","","","","","","",""
"","37015007","hiscosellum","Cephaloscyllium hiscosellum White & Ebert, 2008","SCYLIORHINIDAE","Cephaloscyllium","","hiscosellum","","Valid Name","","Species","","White & Ebert","2008","Y","3ea74d0e-bbab-4dfc-bbe6-53e13a0aa705","20120309T05:06:01.664+0000","6f35d719-eb83-46ef-9e24-5e7434c46aa5","20120416T05:24:25.862+0000","15b87b10-e05e-4632-b23b-ac33daad5b07","6f35d719-eb83-46ef-9e24-5e7434c46aa5","","","","","","","","","","","","","","",""
"","37122021","warmingii","Ceratoscopelus warmingii (Lütken, 1892)","MYCTOPHIDAE","Ceratoscopelus","","warmingii","","Valid Name","","Species","","Lütken","1892","N","6d2b9a97-8cef-411b-8121-0b59418602f4","20081009T05:11:37.000+0000","97880d11-7aeb-4afa-8eb7-6c6e58c74e7b","20100727T00:07:22.682+0000","68e22362-7943-42e3-bb26-bdeeb5a3d24a","97880d11-7aeb-4afa-8eb7-6c6e58c74e7b","","","","","","","","","","","","","","",""
"","37232029","globiceps","Cetonurus globiceps (Vaillant, 1884)","MACROURIDAE","Cetonurus","","globiceps","","Valid Name","","Species","","Vaillant","1884","N","cb7a9bc0-dd8c-4e7b-aa73-c1535f287ef6","20180512T08:37:39.564+0000","c5719997-1823-4475-98a7-4f936995b998","20180731T05:42:43.637+0000","323821f0-9da5-4eed-95fe-81794ef7b8e6","c5719997-1823-4475-98a7-4f936995b998","","","","","","","","","","","","","","",""
"","37011001","maximus","Cetorhinus maximus (Gunnerus, 1765)","CETORHINIDAE","Cetorhinus","","maximus","","Valid Name","","Species","","Gunnerus","1765","N","01fbd5b5-7200-484d-92fe-db392e16873f","20120308T01:19:55.782+0000","3a3f1aca-2e26-4258-9e98-ef941597ed6a","20131121T06:24:36.488+0000","69e9e2ba-d86d-4093-bf11-f85114944f61","3a3f1aca-2e26-4258-9e98-ef941597ed6a","","","","","","","","","","","","","","",""
"","37111001","sloani","Chauliodus sloani Bloch & Schneider, 1801","STOMIIDAE","Chauliodus","","sloani","","Valid Name","","Species","","Bloch & Schneider","1801","Y","2209740b-41b8-4c58-88ca-61895bfab52b","20081009T05:11:37.000+0000","a48dd410-bde2-42cd-9f38-2f5272e38625","20100727T00:03:17.157+0000","994a075e-35bd-4d45-8983-09bbc5552c21","a48dd410-bde2-42cd-9f38-2f5272e38625","","","","","","","","","","","","","","",""
"","37211005","melanostomus","Chaunacops melanostomus (Caruso, 1989)","CHAUNACIDAE","Chaunacops","","melanostomus","","Valid Name","","Species","","Caruso","1989","N","209d932e-a4a0-47d3-9139-2a87d0f4b408","20150512T08:38:43.979+0000","69ec7ff7-3a43-4a08-a6ac-da6a8fa91186","20150625T00:28:50.961+0000","f672f042-5ddf-4dda-bd53-f9b53d082032","69ec7ff7-3a43-4a08-a6ac-da6a8fa91186","","","","","","","","","","","","","","",""
"","37211006","nebulosus","Chaunax nebulosus Ho & Last, 2013","CHAUNACIDAE","Chaunax","","nebulosus","","Valid Name","","Species","","Ho & Last","2013","Y","7c9f9f32-48a0-416c-880b-96980d4cd9bd","20151116T23:00:23.991+0000","225d6f01-1b78-405f-aa01-e8c6d0762a47","20151116T23:00:23.991+0000","d9d5473d-7788-49e1-a1f0-8143b1e669bc","225d6f01-1b78-405f-aa01-e8c6d0762a47","","","","","","","","","","","","","","",""
"","37233001","furcatus","Cheilopogon furcatus (Mitchill, 1815)","EXOCOETIDAE","Cheilopogon","","furcatus","","Valid Name","","Species","","Mitchill","1815","N","a45db54d-911f-4aff-8e7c-35e07c190341","20180306T06:49:47.216+0000","5bbc7e68-b02e-432a-b4db-093bca3ff302","20180329T02:08:16.158+0000","d9cdf119-6712-446b-8f92-3372c0a18659","5bbc7e68-b02e-432a-b4db-093bca3ff302","","","","","","","","","","","","","","",""
"","37233008","pinnatibarbatus","Cheilopogon pinnatibarbatus (Bennett, 1831)","EXOCOETIDAE","Cheilopogon","","pinnatibarbatus","","Valid Name","","Species","","Bennett","1831","N","3787e72f-4aca-4861-9e10-470ec14ef14a","20180309T07:41:22.298+0000","53875239-b8ce-44fd-9ae2-7e6ce41fb68d","20180329T02:08:16.158+0000","d9cdf119-6712-446b-8f92-3372c0a18659","53875239-b8ce-44fd-9ae2-7e6ce41fb68d","","","","","","","","","","","","","","",""
"","37042009","argiloba","Chimaera argiloba Last, White & Pogonoski, 2008","CHIMAERIDAE","Chimaera","","argiloba","","Valid Name","","Species","","Last, White & Pogonoski","2008","Y","ffd2c5c3-460e-415a-8264-b43ec6b44a71","20110416T09:25:25.356+0000","88e9bda6-328a-4f36-b172-47ecb558f667","20120416T05:24:25.862+0000","934f1684-6ab6-4525-a178-30ea5fce2032","88e9bda6-328a-4f36-b172-47ecb558f667","","","","","","","","","","","","","","",""
"","37042005","fulva","Chimaera fulva Didier, Last & White, 2008","CHIMAERIDAE","Chimaera","","fulva","","Valid Name","","Species","","Didier, Last & White","2008","Y","ccbc3d2a-6478-4ff2-9f5d-51e462b33b18","20140725T07:04:02.912+0000","a5457238-8ae5-4edc-9eb8-9c58b696c6dd","20140725T07:04:02.912+0000","934f1684-6ab6-4525-a178-30ea5fce2032","a5457238-8ae5-4edc-9eb8-9c58b696c6dd","","","","","","","","","","","","","","",""
"","37042007","macrospina","Chimaera macrospina Didier, Last & White, 2008","CHIMAERIDAE","Chimaera","","macrospina","","Valid Name","","Species","","Didier, Last & White","2008","Y","d25f6e94-603e-4f73-b9e2-1480ee0fcc91","20110416T09:49:00.809+0000","362219ed-28a3-42d3-aa23-b68d320e3b53","20120416T05:24:25.862+0000","934f1684-6ab6-4525-a178-30ea5fce2032","362219ed-28a3-42d3-aa23-b68d320e3b53","","","","","","","","","","","","","","",""
"","37458003","macrolepidotus","Citharoides macrolepidotus Hubbs, 1915","CITHARIDAE","Citharoides","","macrolepidotus","","Valid Name","","Species","","Hubbs","1915","Y","e3401c0b-3fdf-49af-9ef7-312ca18a806b","20150607T04:36:21.148+0000","dbda09d5-9794-4596-8186-a2a6af04b362","20150707T22:49:59.218+0000","561c8273-7b03-40d6-bfd8-7c7e80f4739f","dbda09d5-9794-4596-8186-a2a6af04b362","","","","","","","","","","","","","","",""
"","37458002","orbitalis","Citharoides orbitalis Hoshino, 2000","CITHARIDAE","Citharoides","","orbitalis","","Valid Name","","Species","","Hoshino","2000","Y","ef309001-7f52-4a3b-ab7a-4b6b505e5bcc","20150607T05:01:32.686+0000","3e3a0545-2f2d-4f50-9f4a-f257f5a769cd","20150707T22:49:59.218+0000","561c8273-7b03-40d6-bfd8-7c7e80f4739f","3e3a0545-2f2d-4f50-9f4a-f257f5a769cd","","","","","","","","","","","","","","",""
"","37212047","micropus","Coelophrys micropus (Alcock, 1891)","OGCOCEPHALIDAE","Coelophrys","","micropus","","Valid Name","","Species","","Alcock","1891","N","3532b2b0-04d0-4675-a4dd-c38e7554b9fb","20150515T06:07:23.977+0000","8aa17023-fd4e-47a2-9749-733a7a0cd433","20150625T00:28:50.961+0000","a028051b-4754-46c6-8ada-6a0323077a24","8aa17023-fd4e-47a2-9749-733a7a0cd433","","","","","","","","","","","","","","",""
"","37232042","acanthiger","Coelorinchus acanthiger Barnard, 1925","MACROURIDAE","Coelorinchus","","acanthiger","","Valid Name","","Species","","Barnard","1925","Y","ab997e21-5eab-47e6-bb6b-c427cb52a2da","20180411T22:50:16.904+0000","adc2fcb8-c3cf-440b-a4eb-2f57c760cc7b","20180731T05:42:43.637+0000","3d0a43aa-29bc-4ece-b8b1-677ea69015bd","adc2fcb8-c3cf-440b-a4eb-2f57c760cc7b","","","","","","","","","","","","","","",""
"","37232104","amydrozosterus","Coelorinchus amydrozosterus Iwamoto & Williams, 1999","MACROURIDAE","Coelorinchus","","amydrozosterus","","Valid Name","","Species","","Iwamoto & Williams","1999","Y","d1df28bc-1929-4404-b9b6-d1988e4e4558","20180411T22:50:16.904+0000","f49b82e2-1e62-4a89-8e2c-a8e920e7cad4","20180731T05:42:43.637+0000","3d0a43aa-29bc-4ece-b8b1-677ea69015bd","f49b82e2-1e62-4a89-8e2c-a8e920e7cad4","","","","","","","","","","","","","","",""
"","37232105","charius","Coelorinchus charius Iwamoto & Williams, 1999","MACROURIDAE","Coelorinchus","","charius","","Valid Name","","Species","","Iwamoto & Williams","1999","Y","058c635f-5dbc-48d8-b96f-2f1b5b68ed4f","20180411T22:50:16.904+0000","cda90425-0aa9-4097-8e50-433fed783791","20180731T05:42:43.637+0000","3d0a43aa-29bc-4ece-b8b1-677ea69015bd","cda90425-0aa9-4097-8e50-433fed783791","","","","","","","","","","","","","","",""
"","37232126","hoangi","Coelorinchus hoangi Iwamoto & Graham, 2008","MACROURIDAE","Coelorinchus","","hoangi","","Valid Name","","Species","","Iwamoto & Graham","2008","Y","bd5d1275-6125-4cbe-ac77-41329cd3b5db","20180503T04:50:44.187+0000","bfd8b248-6464-4a68-bedf-26f90f0015a7","20180731T05:42:43.637+0000","3d0a43aa-29bc-4ece-b8b1-677ea69015bd","bfd8b248-6464-4a68-bedf-26f90f0015a7","","","","","","","","","","","","","","",""
"","37232014","innotabilis","Coelorinchus innotabilis McCulloch, 1907","MACROURIDAE","Coelorinchus","","innotabilis","","Valid Name","","Species","","McCulloch","1907","Y","19e0cae5-ab6f-4767-a40b-5b2d680505e4","20180411T22:50:16.904+0000","52a4a917-29d1-45cb-86db-4d76aafb4302","20180731T05:42:43.637+0000","3d0a43aa-29bc-4ece-b8b1-677ea69015bd","52a4a917-29d1-45cb-86db-4d76aafb4302","","","","","","","","","","","","","","",""
"","37232109","lasti","Coelorinchus lasti Iwamoto & Williams, 1999","MACROURIDAE","Coelorinchus","","lasti","","Valid Name","","Species","","Iwamoto & Williams","1999","Y","fcb50eb9-5ee9-4105-8a17-bf7039d61df1","20180411T22:50:16.904+0000","f952c512-1dd8-4a6e-975e-0c7dd6c3d014","20180731T05:42:43.637+0000","3d0a43aa-29bc-4ece-b8b1-677ea69015bd","f952c512-1dd8-4a6e-975e-0c7dd6c3d014","","","","","","","","","","","","","","",""
"","37232003","mirus","Coelorinchus mirus McCulloch, 1926","MACROURIDAE","Coelorinchus","","mirus","","Valid Name","","Species","","McCulloch","1926","Y","af83c372-191c-4205-8748-02ae50ff072f","20180411T22:50:16.904+0000","a0b961c5-c60b-4a8c-a4b3-520e17e71316","20180731T05:42:43.637+0000","3d0a43aa-29bc-4ece-b8b1-677ea69015bd","a0b961c5-c60b-4a8c-a4b3-520e17e71316","","","","","","","","","","","","","","",""
"","37326002","japonicus","Cookeolus japonicus (Cuvier, 1829)","PRIACANTHIDAE","Cookeolus","","japonicus","","Valid Name","","Species","","Cuvier","1829","N","8eae1b98-1e1f-40ac-82b9-bf305f036652","20121115T00:43:52.016+0000","4959b6a4-9288-43d5-bbf7-ab0a78e5d412","20121115T02:44:48.592+0000","098d216b-932e-427a-9277-902f543068dd","4959b6a4-9288-43d5-bbf7-ab0a78e5d412","","","","","","","","","","","","","","",""
"","37338001","hippurus","Coryphaena hippurus Linnaeus, 1758","CORYPHAENIDAE","Coryphaena","","hippurus","","Valid Name","","Species","","Linnaeus","1758","Y","7a0494b4-6f09-41ff-b283-7e00c1f443e9","20121109T05:24:00.924+0000","3ef4e91c-5d4b-455a-822e-8c42be47aafe","20121109T05:33:47.860+0000","1c2e17be-9e5f-41b3-b2ef-9c86812570f4","3ef4e91c-5d4b-455a-822e-8c42be47aafe","","","","","","","","","","","","","","",""
"","37232019","rudis","Coryphaenoides rudis Günther, 1878","MACROURIDAE","Coryphaenoides","","rudis","","Valid Name","","Species","","Günther","1878","Y","8fee076b-04e9-4a0c-ad0d-5e7ce789a2ce","20180411T22:50:16.904+0000","fea93cab-2d2d-46ed-b5e8-8a00fd3867ea","20180731T05:42:43.637+0000","793d0538-e104-490c-a75d-a226f934da87","fea93cab-2d2d-46ed-b5e8-8a00fd3867ea","","","","","","","","","","","","","","",""
"","37441008","elegans","Cybiosarda elegans (Whitley, 1935)","SCOMBRIDAE","Cybiosarda","","elegans","","Valid Name","","Species","","Whitley","1935","N","e3d6ff16-c644-49e9-aabd-7e06009708aa","20131008T23:07:52.756+0000","d631a9b6-d6af-4e4c-84df-e5a136c678df","20131008T23:07:52.756+0000","bed6a0fb-d9da-430e-ab8a-03b6533168d5","d631a9b6-d6af-4e4c-84df-e5a136c678df","","","","","","","","","","","","","","",""
"","37106013","acclinidens","Cyclothone acclinidens Garman, 1899","GONOSTOMATIDAE","Cyclothone","","acclinidens","","Valid Name","","Species","","Garman","1899","Y","4edd7f3e-f90a-45ef-86f2-08d80bcceab0","20081009T05:11:37.000+0000","2743bc6a-27c5-465a-baad-ad1e82bd089b","20100727T00:03:17.157+0000","7a02e544-b665-4fd2-b621-57bcae78e84b","2743bc6a-27c5-465a-baad-ad1e82bd089b","","","","","","","","","","","","","","",""
"","37106014","alba","Cyclothone alba Brauer, 1906","GONOSTOMATIDAE","Cyclothone","","alba","","Valid Name","","Species","","Brauer","1906","Y","6ec8a265-1063-45ac-9c0e-423e61905093","20081009T05:11:37.000+0000","0c9816e0-1cc6-4ea0-aaaa-cc6934dcdeea","20100727T00:03:17.157+0000","7a02e544-b665-4fd2-b621-57bcae78e84b","0c9816e0-1cc6-4ea0-aaaa-cc6934dcdeea","","","","","","","","","","","","","","",""
"","37106015","braueri","Cyclothone braueri Jespersen & Tåning, 1926","GONOSTOMATIDAE","Cyclothone","","braueri","","Valid Name","","Species","","Jespersen & Tåning","1926","Y","e8acaf13-37f2-4593-b776-13975917ceef","20081009T05:11:37.000+0000","c2a77225-8f0b-4318-b955-874739b2e47c","20100727T00:03:17.157+0000","7a02e544-b665-4fd2-b621-57bcae78e84b","c2a77225-8f0b-4318-b955-874739b2e47c","","","","","","","","","","","","","","",""
"","37106016","microdon","Cyclothone microdon (Günther, 1878)","GONOSTOMATIDAE","Cyclothone","","microdon","","Valid Name","","Species","","Günther","1878","N","66c186d3-4836-449c-88b2-e20dfc1dd0e5","20081009T05:11:37.000+0000","c4ca2afd-3001-4718-ac3c-4100b71dbd0c","20100727T00:03:17.157+0000","7a02e544-b665-4fd2-b621-57bcae78e84b","c4ca2afd-3001-4718-ac3c-4100b71dbd0c","","","","","","","","","","","","","","",""
"","37106017","obscura","Cyclothone obscura Brauer, 1902","GONOSTOMATIDAE","Cyclothone","","obscura","","Valid Name","","Species","","Brauer","1902","Y","fb746238-217a-4065-be25-3d32de485a76","20081009T05:11:37.000+0000","ff9ad3d6-0b3d-4621-bc90-c02cd4a67b8f","20140218T03:38:03.934+0000","7a02e544-b665-4fd2-b621-57bcae78e84b","ff9ad3d6-0b3d-4621-bc90-c02cd4a67b8f","","","","","","","","","","","","","","",""
"","37106018","pallida","Cyclothone pallida Brauer, 1902","GONOSTOMATIDAE","Cyclothone","","pallida","","Valid Name","","Species","","Brauer","1902","Y","59c2317f-e958-440a-a879-75f789fc57a7","20081009T05:11:37.000+0000","fdb31fc3-b0be-4bdc-b386-7005cbc8a233","20100727T00:03:17.157+0000","7a02e544-b665-4fd2-b621-57bcae78e84b","fdb31fc3-b0be-4bdc-b386-7005cbc8a233","","","","","","","","","","","","","","",""
"","37264009","cypho","Cyttopsis cypho (Fowler, 1934)","PARAZENIDAE","Cyttopsis","","cypho","","Valid Name","","Species","","Fowler","1934","N","0551409d-ca32-4692-b082-3b209607cd6e","20130506T02:56:51.218+0000","0ca9faee-f2a3-4b66-a33f-4f51532b26a7","20131106T00:24:42.251+0000","45f5e9dc-3289-4195-92fe-d49b10989cb5","0ca9faee-f2a3-4b66-a33f-4f51532b26a7","","","","","","","","","","","","","","",""
"","37264010","rosea","Cyttopsis rosea (Lowe, 1843)","PARAZENIDAE","Cyttopsis","","rosea","","Valid Name","","Species","","Lowe","1843","N","4d47b7c7-76ef-4a2b-92e4-a77c9164d508","20131009T06:42:55.424+0000","68e14320-56ad-4301-9c0a-dad8c9c0b929","20131009T06:42:55.424+0000","45f5e9dc-3289-4195-92fe-d49b10989cb5","68e14320-56ad-4301-9c0a-dad8c9c0b929","","","","","","","","","","","","","","",""
"","37308002","peterseni","Dactyloptena peterseni (Nyström, 1887)","DACTYLOPTERIDAE","Dactyloptena","","peterseni","","Valid Name","","Species","","Nyström","1887","N","a4906923-b0cb-4647-a235-f75a6f68eba9","20150424T06:23:06.657+0000","1910a7e7-4b72-49ca-8254-7839c36d193a","20150505T21:35:04.768+0000","154ef007-9c28-4116-a690-587cda364cc4","1910a7e7-4b72-49ca-8254-7839c36d193a","","","","","","","","","","","","","","",""
"","37020002","licha","Dalatias licha (Bonnaterre, 1788)","DALATIIDAE","Dalatias","","licha","","Valid Name","","Species","","Bonnaterre","1788","N","b7445b04-3643-4619-83af-220f135c616f","20110823T09:55:50.681+0000","2bd8e210-9bc2-42a1-a432-9212ce959682","20120416T05:24:25.862+0000","314b1ef4-c31f-4dd2-a73d-ec384aab378c","2bd8e210-9bc2-42a1-a432-9212ce959682","","","","","","","","","","","","","","",""
"","37353002","spariformis","Dentex spariformis Ogilby, 1910","SPARIDAE","Dentex","","spariformis","","Valid Name","","Species","","Ogilby","1910","Y","a477e3fc-51f2-4e42-beeb-55ac7be1e76e","20150715T23:44:37.819+0000","ba0790c7-c206-47cc-a0a6-0bac975422f4","20150721T22:09:04.655+0000","5564d9ee-586e-401d-9377-d1022f82acfa","ba0790c7-c206-47cc-a0a6-0bac975422f4","","","","","","","","","","","","","","",""
"","37031031","oculus","Dentiraja oculus (Last, 2008)","RAJIDAE","Dentiraja","","oculus","","Valid Name","","Species","","Last","2008","N","a612be50-d15c-46e2-b50c-d6bfe0cbd363","20180416T07:06:17.854+0000","b373d94e-7fd5-4669-8d56-83239a4ece10","20180731T05:52:26.165+0000","9b7e4537-192c-43ad-ae0b-c9fcb4cf3b57","b373d94e-7fd5-4669-8d56-83239a4ece10","","","","","","","","","","","","","","",""
"","37122030","anderseni","Diaphus anderseni Tåning, 1932","MYCTOPHIDAE","Diaphus","","anderseni","","Valid Name","","Species","","Tåning","1932","Y","17a4cb87-c562-4cab-b3b5-1b37cc05666f","20081009T05:11:37.000+0000","49363f0f-607f-41c5-bd65-d47de7785d16","20100727T00:07:22.682+0000","d7b24f86-31e4-4bfa-be24-124affa22173","49363f0f-607f-41c5-bd65-d47de7785d16","","","","","","","","","","","","","","",""
"","37122032","brachycephalus","Diaphus brachycephalus Tåning, 1928","MYCTOPHIDAE","Diaphus","","brachycephalus","","Valid Name","","Species","","Tåning","1928","Y","e6ca2b8e-d63c-4fbc-aec4-df3185de4ea9","20081009T05:11:37.000+0000","c87752ac-6c8f-4d99-9d1e-c5fc47c3b04b","20100727T00:07:22.682+0000","d7b24f86-31e4-4bfa-be24-124affa22173","c87752ac-6c8f-4d99-9d1e-c5fc47c3b04b","","","","","","","","","","","","","","",""
"","37122083","chrysorhynchus","Diaphus chrysorhynchus Gilbert & Cramer, 1897","MYCTOPHIDAE","Diaphus","","chrysorhynchus","","Valid Name","","Species","","Gilbert & Cramer","1897","Y","adad555a-a3b9-40fd-a088-072a214c6314","20081009T05:11:37.000+0000","d96dc432-eb54-4c9b-9572-b477cedf2790","20100727T00:07:22.682+0000","d7b24f86-31e4-4bfa-be24-124affa22173","d96dc432-eb54-4c9b-9572-b477cedf2790","","","","","","","","","","","","","","",""
"","37122006","coeruleus","Diaphus coeruleus (Klunzinger, 1871)","MYCTOPHIDAE","Diaphus","","coeruleus","","Valid Name","","Species","","Klunzinger","1871","N","34bcbcf5-4044-42fd-9b34-348bbeace377","20081009T05:11:37.000+0000","b7f90edd-3051-45fb-b5d1-19a56500f3d7","20100727T00:07:22.682+0000","d7b24f86-31e4-4bfa-be24-124affa22173","b7f90edd-3051-45fb-b5d1-19a56500f3d7","","","","","","","","","","","","","","",""
"","37122072","diadematus","Diaphus diadematus Tåning, 1932","MYCTOPHIDAE","Diaphus","","diadematus","","Valid Name","","Species","","Tåning","1932","Y","82ab6c5d-0819-4999-a7d9-e56d91e8d300","20081009T05:11:37.000+0000","85919e59-ad37-46e7-8159-ac8930686cd5","20100727T00:07:22.682+0000","d7b24f86-31e4-4bfa-be24-124affa22173","85919e59-ad37-46e7-8159-ac8930686cd5","","","","","","","","","","","","","","",""
"","37122015","drachmanni","Diaphus drachmanni Tåning, 1932","MYCTOPHIDAE","Diaphus","","drachmanni","","Valid Name","","Species","","Tåning","1932","Y","d8c9fa2a-4d64-4a59-a6f1-2987d2e4a799","20081009T05:11:37.000+0000","468b92f1-01e9-4fc1-978a-30b151c11cfc","20100727T00:07:22.682+0000","d7b24f86-31e4-4bfa-be24-124affa22173","468b92f1-01e9-4fc1-978a-30b151c11cfc","","","","","","","","","","","","","","",""
"","37122033","effulgens","Diaphus effulgens (Goode & Bean, 1896)","MYCTOPHIDAE","Diaphus","","effulgens","","Valid Name","","Species","","Goode & Bean","1896","N","240a25aa-ced4-465d-949a-18667ecc2e77","20081009T05:11:37.000+0000","dcd37ba6-4fde-45e7-a65c-d92df59ad481","20100727T00:07:22.682+0000","d7b24f86-31e4-4bfa-be24-124affa22173","dcd37ba6-4fde-45e7-a65c-d92df59ad481","","","","","","","","","","","","","","",""
"","37122061","hudsoni","Diaphus hudsoni Zurbrigg & Scott, 1976","MYCTOPHIDAE","Diaphus","","hudsoni","","Valid Name","","Species","","Zurbrigg & Scott","1976","Y","52f55767-5d57-428f-90f9-b13fcdee46b1","20081009T05:11:37.000+0000","cf10ae1a-4204-461b-97d1-c002e9f77cc7","20140221T00:21:50.092+0000","d7b24f86-31e4-4bfa-be24-124affa22173","cf10ae1a-4204-461b-97d1-c002e9f77cc7","","","","","","","","","","","","","","",""
"","37122082","impostor","Diaphus impostor Nafpaktitis, Robertson & Paxton, 1995","MYCTOPHIDAE","Diaphus","","impostor","","Valid Name","","Species","","Nafpaktitis, Robertson & Paxton","1995","Y","8be1cdc1-2ed0-4949-8d04-447b57403bb1","20081009T05:11:37.000+0000","379a9c9f-e0d2-4b97-bada-574b83842f8e","20100727T00:07:22.682+0000","d7b24f86-31e4-4bfa-be24-124affa22173","379a9c9f-e0d2-4b97-bada-574b83842f8e","","","","","","","","","","","","","","",""
"","37122086","lucidus","Diaphus lucidus (Goode & Bean, 1896)","MYCTOPHIDAE","Diaphus","","lucidus","","Valid Name","","Species","","Goode & Bean","1896","N","13598e0b-03ae-43e2-b5ba-99b219fd572f","20081009T05:11:37.000+0000","7bf50603-ccc7-40ff-9ed0-f272d67b690a","20100727T00:07:22.682+0000","d7b24f86-31e4-4bfa-be24-124affa22173","7bf50603-ccc7-40ff-9ed0-f272d67b690a","","","","","","","","","","","","","","",""
"","37122035","luetkeni","Diaphus luetkeni (Brauer, 1904)","MYCTOPHIDAE","Diaphus","","luetkeni","","Valid Name","","Species","","Brauer","1904","N","61c2d826-f701-4f6a-92d1-95bfda199233","20081009T05:11:37.000+0000","213e1d8e-59d3-467f-9009-52207df3dfc2","20100727T00:07:22.682+0000","d7b24f86-31e4-4bfa-be24-124affa22173","213e1d8e-59d3-467f-9009-52207df3dfc2","","","","","","","","","","","","","","",""
"","37122036","meadi","Diaphus meadi Nafpaktitis, 1978","MYCTOPHIDAE","Diaphus","","meadi","","Valid Name","","Species","","Nafpaktitis","1978","Y","9990f8f4-a58e-4ca0-98c1-8843ae67c194","20081009T05:11:37.000+0000","2b98ef75-53f1-4f91-a047-59fd07b1476b","20100727T00:07:22.682+0000","d7b24f86-31e4-4bfa-be24-124affa22173","2b98ef75-53f1-4f91-a047-59fd07b1476b","","","","","","","","","","","","","","",""
"","37122038","mollis","Diaphus mollis Tåning, 1928","MYCTOPHIDAE","Diaphus","","mollis","","Valid Name","","Species","","Tåning","1928","Y","2f82c9d2-b124-4758-b376-5feb413eab34","20081009T05:11:37.000+0000","468e2895-39cd-402a-8578-e389143ed11c","20100727T00:07:22.682+0000","d7b24f86-31e4-4bfa-be24-124affa22173","468e2895-39cd-402a-8578-e389143ed11c","","","","","","","","","","","","","","",""
"","37122039","parri","Diaphus parri Tåning, 1932","MYCTOPHIDAE","Diaphus","","parri","","Valid Name","","Species","","Tåning","1932","Y","f530509f-2665-49d2-b871-9aaba3850368","20081009T05:11:37.000+0000","79f2e607-47d7-4724-a004-73f8c614456e","20100727T00:07:22.682+0000","d7b24f86-31e4-4bfa-be24-124affa22173","79f2e607-47d7-4724-a004-73f8c614456e","","","","","","","","","","","","","","",""
"","37122008","perspicillatus","Diaphus perspicillatus (Ogilby, 1898)","MYCTOPHIDAE","Diaphus","","perspicillatus","","Valid Name","","Species","","Ogilby","1898","N","faca9314-a2ec-4a4f-98fb-4a885d8fe984","20081009T05:11:37.000+0000","8c1e044e-3275-4c1a-8e1c-2b8a9a1a4585","20100727T00:07:22.682+0000","d7b24f86-31e4-4bfa-be24-124affa22173","8c1e044e-3275-4c1a-8e1c-2b8a9a1a4585","","","","","","","","","","","","","","",""
"","37122089","problematicus","Diaphus problematicus Parr, 1928","MYCTOPHIDAE","Diaphus","","problematicus","","Valid Name","","Species","","Parr","1928","Y","d4854fd9-6f77-4081-8571-4e07bb849c2c","20081009T05:11:37.000+0000","cf2e2d1b-37a4-4dd2-b03e-36978dfe95b5","20100727T00:07:22.682+0000","d7b24f86-31e4-4bfa-be24-124affa22173","cf2e2d1b-37a4-4dd2-b03e-36978dfe95b5","","","","","","","","","","","","","","",""
"","37122090","regani","Diaphus regani Tåning, 1932","MYCTOPHIDAE","Diaphus","","regani","","Valid Name","","Species","","Tåning","1932","Y","254a0ef8-11c8-4e7c-9ad0-07941081c2ab","20081009T05:11:37.000+0000","5888b5bd-53c7-4d88-b76f-507271515037","20100727T00:07:22.682+0000","d7b24f86-31e4-4bfa-be24-124affa22173","5888b5bd-53c7-4d88-b76f-507271515037","","","","","","","","","","","","","","",""
"","37122091","thiollierei","Diaphus thiollierei Fowler, 1934","MYCTOPHIDAE","Diaphus","","thiollierei","","Valid Name","","Species","","Fowler","1934","Y","c3feaaa0-110f-4c87-853c-b229165dfefe","20081009T05:11:37.000+0000","9e04b809-9435-4405-90e6-21c62eb6fb49","20100727T00:07:22.682+0000","d7b24f86-31e4-4bfa-be24-124affa22173","9e04b809-9435-4405-90e6-21c62eb6fb49","","","","","","","","","","","","","","",""
"","37122013","watasei","Diaphus watasei Jordan & Starks, 1904","MYCTOPHIDAE","Diaphus","","watasei","","Valid Name","","Species","","Jordan & Starks","1904","Y","e2eb2979-0b40-4512-888d-d34a6a57c336","20081009T05:11:37.000+0000","a2d6cce5-923c-48b0-8764-94e0892767a3","20100727T00:07:22.682+0000","d7b24f86-31e4-4bfa-be24-124affa22173","a2d6cce5-923c-48b0-8764-94e0892767a3","","","","","","","","","","","","","","",""
"","37070001","capensis","Diastobranchus capensis Barnard, 1923","SYNAPHOBRANCHIDAE","Diastobranchus","","capensis","","Valid Name","","Species","","Barnard","1923","Y","a07c4b00-c700-492a-8179-32cdf2996e99","20181001T10:46:13.753+0000","9891a521-f78f-46f8-b475-6579d59ada30","20190305T04:57:36.559+0000","831eb718-f85f-4cbc-a8b2-495e25345b60","9891a521-f78f-46f8-b475-6579d59ada30","","","","","","","","","","","","","","",""
"","37214002","trilobus","Diceratias trilobus Balushkin & Fedorov, 1986","DICERATIIDAE","Diceratias","","trilobus","","Valid Name","","Species","","Balushkin & Fedorov","1986","Y","12e08429-8c6f-4c30-8adc-f922d5d43959","20150502T07:14:29.819+0000","9d22017b-487d-43fc-9302-eb0196b6604b","20150625T00:28:50.961+0000","b83f19a5-f556-4a87-a4b6-ebbb6fa90a18","9d22017b-487d-43fc-9302-eb0196b6604b","","","","","","","","","","","","","","",""
"","37122042","atlanticus","Diogenichthys atlanticus (Tåning, 1928)","MYCTOPHIDAE","Diogenichthys","","atlanticus","","Valid Name","","Species","","Tåning","1928","N","33849b88-7f61-491e-a0b4-78f06c8a6e44","20081009T05:11:37.000+0000","4691d731-8b61-46f3-a815-a127dca974fb","20100727T00:07:22.682+0000","972d938e-5852-4d86-8f73-25878bb5dce0","4691d731-8b61-46f3-a815-a127dca974fb","","","","","","","","","","","","","","",""
"","37106008","taenia","Diplophos taenia Günther, 1873","GONOSTOMATIDAE","Diplophos","","taenia","","Valid Name","","Species","","Günther","1873","Y","5011e43f-62db-47d4-9322-4b13cdd88301","20081009T05:11:37.000+0000","b67d0521-a85f-472d-8a74-8944beedeacb","20100727T00:03:17.157+0000","160c995e-94a4-40a4-a3fc-8cbf2aa3eef0","b67d0521-a85f-472d-8a74-8944beedeacb","","","","","","","","","","","","","","",""
"","37031010","gudgeri","Dipturus gudgeri (Whitley, 1940)","RAJIDAE","Dipturus","","gudgeri","","Valid Name","","Species","","Whitley","1940","N","4597326c-7e8a-4cbc-b8d4-50124db12b53","20180417T06:03:33.515+0000","2c240929-ed5d-445f-acc0-f66e764a55f5","20180731T05:52:26.165+0000","cd640875-77ba-4dd2-805c-1c161c644ee2","2c240929-ed5d-445f-acc0-f66e764a55f5","","","","","","","","","","","","","","",""
"","37254001","parini","Diretmichthys parini (Post & Quéro, 1981)","DIRETMIDAE","Diretmichthys","","parini","","Valid Name","","Species","","Post & Quéro","1981","N","938364f2-1444-42d4-a709-1a716a00753a","20151217T07:58:59.973+0000","c195f5c7-0552-4198-8b80-db41eabe9b84","20160606T05:15:12.352+0000","8ce5d184-a7f2-4382-9501-a6dd194778a7","c195f5c7-0552-4198-8b80-db41eabe9b84","","","","","","","","","","","","","","",""
"","37254002","argenteus","Diretmus argenteus Johnson, 1864","DIRETMIDAE","Diretmus","","argenteus","","Valid Name","","Species","","Johnson","1864","Y","ae125210-daf9-4b97-871c-1cc8db91a32e","20151217T08:00:58.504+0000","598d3418-974a-42ac-930a-da6ac7f022d5","20160606T05:15:12.352+0000","a369c45c-7bcd-409c-bce1-6081c8c4890d","598d3418-974a-42ac-930a-da6ac7f022d5","","","","","","","","","","","","","","",""
"","37122075","paucirastra","Electrona paucirastra Bolin, 1962","MYCTOPHIDAE","Electrona","","paucirastra","","Valid Name","","Species","","Bolin","1962","Y","754d6e77-42bc-4ff4-946e-3d301108521f","20081009T05:11:37.000+0000","f5b51345-d942-48cc-8a0a-084bbf2a34e4","20100727T00:07:22.682+0000","bed74e58-cf37-4c4a-ba11-46eab7e0f621","f5b51345-d942-48cc-8a0a-084bbf2a34e4","","","","","","","","","","","","","","",""
"","37122043","risso","Electrona risso (Cocco, 1829)","MYCTOPHIDAE","Electrona","","risso","","Valid Name","","Species","","Cocco","1829","N","0214d073-d611-46ec-9286-788b42854308","20081009T05:11:37.000+0000","958ff8c6-6119-477e-889c-095ed0ba9623","20100727T00:07:22.682+0000","bed74e58-cf37-4c4a-ba11-46eab7e0f621","958ff8c6-6119-477e-889c-095ed0ba9623","","","","","","","","","","","","","","",""
"","37327156","occidentalis","Epigonus occidentalis Goode & Bean, 1896","EPIGONIDAE","Epigonus","","occidentalis","","Valid Name","","Species","","Goode & Bean","1896","Y","723b9458-62fc-43c5-8b09-dbdcc4a926a7","20150817T21:09:37.222+0000","27ca35dc-a2a5-44fc-944c-7d46a9936ca8","20150914T22:09:56.426+0000","85e2f04c-ab07-4b8c-8ab4-a9450b1c5ecb","27ca35dc-a2a5-44fc-944c-7d46a9936ca8","","","","","","","","","","","","","","",""
"","37311060","septemfasciatus","Epinephelus septemfasciatus (Thunberg, 1793)","SERRANIDAE","Epinephelus","","septemfasciatus","","Valid Name","","Species","","Thunberg","1793","N","73bc8089-9ab0-45be-9ec9-bc968c4c46cd","20121130T04:43:06.208+0000","65eb6e23-bbb8-48e6-87f0-25adc79ac3e5","20180601T06:02:12.387+0000","f25f29f5-a3d3-43c3-b236-355520692ceb","65eb6e23-bbb8-48e6-87f0-25adc79ac3e5","","","","","","","","","","","","","","",""
"","37346014","carbunculus","Etelis carbunculus Cuvier, 1828","LUTJANIDAE","Etelis","","carbunculus","","Valid Name","","Species","","Cuvier","1828","Y","f46d9d2a-fb61-47f0-bc99-dc37bc2c4955","20131008T23:07:52.756+0000","1444a9e9-27ae-4519-89f5-c53101b960d4","20131008T23:07:52.756+0000","e11913ed-7a92-4f47-948b-6d2c6fc1e189","1444a9e9-27ae-4519-89f5-c53101b960d4","","","","","","","","","","","","","","",""
"","37346038","coruscans","Etelis coruscans Valenciennes, 1862","LUTJANIDAE","Etelis","","coruscans","","Valid Name","","Species","","Valenciennes","1862","Y","1c3b1cc1-8bb3-4c06-939c-8a42a94331ea","20131008T23:07:52.756+0000","2099df2b-41d1-4314-b148-13f116528576","20131008T23:07:52.756+0000","e11913ed-7a92-4f47-948b-6d2c6fc1e189","2099df2b-41d1-4314-b148-13f116528576","","","","","","","","","","","","","","",""
"","37020027","bigelowi","Etmopterus bigelowi Shirai & Tachikawa, 1993","ETMOPTERIDAE","Etmopterus","","bigelowi","","Valid Name","","Species","","Shirai & Tachikawa","1993","Y","164bc15d-f9a4-4a6a-aaea-3da9beefa979","20110603T08:50:06.210+0000","0ca793d8-045d-4076-9e07-fbdec7bdb30b","20120416T05:24:25.862+0000","424df03e-a5dd-4038-b685-e1cec8502bcd","0ca793d8-045d-4076-9e07-fbdec7bdb30b","","","","","","","","","","","","","","",""
"","37020032","brachyurus","Etmopterus brachyurus Smith & Radcliffe, 1912","ETMOPTERIDAE","Etmopterus","","brachyurus","","Valid Name","","Species","","Smith & Radcliffe","1912","Y","212539b9-6892-4e8a-9d40-312286a13fc8","20110218T01:51:42.612+0000","2fadf354-2553-4601-ab02-d5f6691a8a93","20120416T05:24:25.862+0000","424df03e-a5dd-4038-b685-e1cec8502bcd","2fadf354-2553-4601-ab02-d5f6691a8a93","","","","","","","","","","","","","","",""
"","37020005","lucifer","Etmopterus lucifer Jordan & Snyder, 1902","ETMOPTERIDAE","Etmopterus","","lucifer","","Valid Name","","Species","","Jordan & Snyder","1902","Y","55aa105c-7c93-4bc5-acb2-9ba7385013e5","20110603T13:53:08.849+0000","38c70ea1-2b10-4e34-8a37-9547b8b2df4b","20120416T05:24:25.862+0000","424df03e-a5dd-4038-b685-e1cec8502bcd","38c70ea1-2b10-4e34-8a37-9547b8b2df4b","","","","","","","","","","","","","","",""
"","37020015","pusillus","Etmopterus pusillus (Lowe, 1839)","ETMOPTERIDAE","Etmopterus","","pusillus","","Valid Name","","Species","","Lowe","1839","N","c86d7970-c54d-4118-9139-d055cdbdd580","20110218T01:51:42.612+0000","f5e0df91-90ef-4136-bb85-1fc9fd228871","20120416T05:24:25.862+0000","424df03e-a5dd-4038-b685-e1cec8502bcd","f5e0df91-90ef-4136-bb85-1fc9fd228871","","","","","","","","","","","","","","",""
"","37224001","polynemus","Euclichthys polynemus McCulloch, 1926","EUCLICHTHYIDAE","Euclichthys","","polynemus","","Valid Name","","Species","","McCulloch","1926","Y","018cdef3-bc00-462d-8782-f90472bc7576","20151019T05:51:18.468+0000","2f2fa92d-9a67-4145-a45d-b8a4274f27f9","20151125T23:15:40.328+0000","1e6d7d7a-7a6a-4d45-9ce9-1c46a32df1f4","2f2fa92d-9a67-4145-a45d-b8a4274f27f9","","","","","","","","","","","","","","",""
"","37108016","xenicus","Eupogonesthes xenicus Parin & Borodulina, 1993","STOMIIDAE","Eupogonesthes","","xenicus","","Valid Name","","Species","","Parin & Borodulina","1993","Y","da735000-3541-4726-b636-e808618b42d9","20081009T05:11:37.000+0000","2aae0292-0773-4fa9-9459-96af1ae571b6","20100727T00:03:17.157+0000","211d2eab-35c4-4065-85b9-1db1b9d4dc4a","2aae0292-0773-4fa9-9459-96af1ae571b6","","","","","","","","","","","","","","",""
"","37020034","bispinatus","Euprotomicrus bispinatus (Quoy & Gaimard, 1824)","DALATIIDAE","Euprotomicrus","","bispinatus","","Valid Name","","Species","","Quoy & Gaimard","1824","N","ca5589b7-3dbb-4db4-a4c4-db1a3c9eaab6","20110218T01:51:42.612+0000","e792a04e-2590-4e7a-95f6-f86c6a02d6c5","20120416T05:24:25.862+0000","68fe59b3-e12d-4847-ba0b-f036e9982580","e792a04e-2590-4e7a-95f6-f86c6a02d6c5","","","","","","","","","","","","","","",""
"","37109013","bifilis","Eustomias bifilis Gibbs, 1960","STOMIIDAE","Eustomias","","bifilis","","Valid Name","","Species","","Gibbs","1960","Y","11bc74e9-072c-4c17-bd8b-58ae7b914ad7","20081009T05:11:37.000+0000","126af3ea-fc93-45fc-b8ab-3b3963700223","20100727T00:03:17.157+0000","d76dbf7f-9ab3-446b-bf70-32e7a1df6d6c","126af3ea-fc93-45fc-b8ab-3b3963700223","","","","","","","","","","","","","","",""
"","37109014","bulbornatus","Eustomias bulbornatus Gibbs, 1960","STOMIIDAE","Eustomias","","bulbornatus","","Valid Name","","Species","","Gibbs","1960","Y","4128329c-1524-4ae5-814c-3b1e70165bea","20081009T05:11:37.000+0000","26951469-1195-4bae-b18d-d68dcc19e0a7","20100727T00:03:17.157+0000","d76dbf7f-9ab3-446b-bf70-32e7a1df6d6c","26951469-1195-4bae-b18d-d68dcc19e0a7","","","","","","","","","","","","","","",""
"","37109017","multifilis","Eustomias multifilis Parin & Pokhilskaya, 1978","STOMIIDAE","Eustomias","","multifilis","","Valid Name","","Species","","Parin & Pokhilskaya","1978","Y","9bfb371f-7142-4fbb-9e84-136c68a318ff","20081009T05:11:37.000+0000","f850e28d-0432-411b-aafd-06aa82c68c32","20100727T00:03:17.157+0000","d76dbf7f-9ab3-446b-bf70-32e7a1df6d6c","f850e28d-0432-411b-aafd-06aa82c68c32","","","","","","","","","","","","","","",""
"","37015009","boardmani","Figaro boardmani (Whitley, 1928)","SCYLIORHINIDAE","Figaro","","boardmani","","Valid Name","","Species","","Whitley","1928","N","0b5a5d25-c6a7-4503-9629-0a0232d8d74b","20120308T04:04:36.295+0000","d09d064e-0f5e-4eca-a42c-345a9e6064b4","20130719T05:49:37.701+0000","6081f2c6-57d1-48fc-981b-2aa0a026083a","d09d064e-0f5e-4eca-a42c-345a9e6064b4","","","","","","","","","","","","","","",""
"","37427028","apricus","Foetorepus apricus (McCulloch, 1926)","CALLIONYMIDAE","Foetorepus","","apricus","","Valid Name","","Species","","McCulloch","1926","N","957d0260-8b5e-4344-9f28-330c09d7099a","20121015T02:32:17.260+0000","ef6d1cdd-60f5-436a-bf68-0dc4d499d0e4","20160623T01:53:06.409+0000","a484afbf-d459-4b47-a806-2fa1f3b84e2a","ef6d1cdd-60f5-436a-bf68-0dc4d499d0e4","","","","","","","","","","","","","","",""
"","37224020","jordani","Gadella jordani (Böhlke & Mead, 1951)","MORIDAE","Gadella","","jordani","","Valid Name","","Species","","Böhlke & Mead","1951","N","d5632684-0d17-46f8-aa99-ca049c65ab79","20151028T04:07:20.310+0000","6ea8c9f2-a731-48b2-8df3-9fc145ab00ae","20151125T23:15:40.328+0000","030db10e-9d25-40c7-be45-560732c6bd44","6ea8c9f2-a731-48b2-8df3-9fc145ab00ae","","","","","","","","","","","","","","",""
"","37232079","pepperi","Gadomus pepperi Iwamoto & Williams, 1999","BATHYGADIDAE","Gadomus","","pepperi","","Valid Name","","Species","","Iwamoto & Williams","1999","Y","f7a1b30e-5c8a-472c-ab50-1a5e7ad99e8f","20151019T05:09:43.094+0000","baaed14e-9143-4c2f-a5c3-8110e33bbac7","20151125T23:15:40.328+0000","4fbccad9-8166-4404-a94d-7dcf0dbb95e0","baaed14e-9143-4c2f-a5c3-8110e33bbac7","","","","","","","","","","","","","","",""
"","37018022","cuvier","Galeocerdo cuvier (Péron & Lesueur, 1822)","CARCHARHINIDAE","Galeocerdo","","cuvier","","Valid Name","","Species","","Péron & Lesueur","1822","N","8f541d63-36a0-4a33-9b54-dd9ee5a6c548","20140313T03:41:28.159+0000","c2379c79-125e-417d-9392-f5d93b26b223","20140313T03:41:28.159+0000","b544dd62-c519-4d61-8c5b-48038685d5ee","c2379c79-125e-417d-9392-f5d93b26b223","","","","","","","","","","","","","","",""
"","37017008","galeus","Galeorhinus galeus (Linnaeus, 1758)","TRIAKIDAE","Galeorhinus","","galeus","","Valid Name","","Species","","Linnaeus","1758","N","7df0712e-1a80-481d-96ac-9541502131a5","20140313T03:41:28.159+0000","b7bd8014-7231-4782-90a8-c62ea495536b","20140313T03:41:28.159+0000","08225dba-7dda-4a01-9e35-a72ae7f01ff5","b7bd8014-7231-4782-90a8-c62ea495536b","","","","","","","","","","","","","","",""
"","37441019","melampus","Gasterochisma melampus Richardson, 1845","SCOMBRIDAE","Gasterochisma","","melampus","","Valid Name","","Species","","Richardson","1845","Y","c0adcba4-139d-437b-8b90-20782d60a630","20131008T23:07:52.756+0000","8ea45d78-562d-4502-bd16-e0890cebd864","20131008T23:07:52.756+0000","ca24eab4-a68c-4d20-abfa-4abaf4493a23","8ea45d78-562d-4502-bd16-e0890cebd864","","","","","","","","","","","","","","",""
"","37439010","serpens","Gempylus serpens Cuvier, 1829","GEMPYLIDAE","Gempylus","","serpens","","Valid Name","","Species","","Cuvier","1829","Y","5bc0d3c1-a330-48ae-9214-3d5e95103de3","20131008T23:07:52.756+0000","ba2193ae-e41b-446d-880d-01f89e53ef1a","20131008T23:07:52.756+0000","861dfefc-c495-42c0-ba0d-1e713bdd0cec","ba2193ae-e41b-446d-880d-01f89e53ef1a","","","","","","","","","","","","","","",""
"","37255004","darwinii","Gephyroberyx darwinii (Johnson, 1866)","TRACHICHTHYIDAE","Gephyroberyx","","darwinii","","Valid Name","","Species","","Johnson","1866","N","5de51e6d-d894-4ef6-8fd3-0a653e1829b7","20151205T06:12:10.689+0000","622375cf-344a-47af-9def-7890c604212f","20160606T05:15:12.352+0000","7af42788-77e7-4759-85ca-112063c3d034","622375cf-344a-47af-9def-7890c604212f","","","","","","","","","","","","","","",""
"","37228011","japonicum","Glyptophidium japonicum Kamohara, 1936","OPHIDIIDAE","Glyptophidium","","japonicum","","Valid Name","","Species","","Kamohara","1936","Y","2043d4b5-725d-4701-b93b-41d445263ed8","20150518T05:10:59.779+0000","5ef3824a-cbdd-484e-b32d-8a479a360e3d","20150622T00:52:33.563+0000","93981554-3851-44df-894b-3374ff4be1de","5ef3824a-cbdd-484e-b32d-8a479a360e3d","","","","","","","","","","","","","","",""
"","37067016","umbrellabia","Gnathophis umbrellabia (Whitley, 1948)","CONGRIDAE","Gnathophis","","umbrellabia","","Valid Name","","Species","","Whitley","1948","N","c942eb5c-239a-429b-9938-115ae2b2673a","20180804T06:02:53.895+0000","c9434025-ddc4-4022-8471-8866bd4a242f","20190305T04:57:36.559+0000","13d9063f-02fe-4817-bca6-854ece756927","c9434025-ddc4-4022-8471-8866bd4a242f","","","","","","","","","","","","","","",""
"","37122044","barnesi","Gonichthys barnesi Whitley, 1943","MYCTOPHIDAE","Gonichthys","","barnesi","","Valid Name","","Species","","Whitley","1943","Y","c5db838a-53fb-4790-98ed-379108291e67","20081009T05:11:37.000+0000","6baa9d23-bcd1-4af1-949a-4c17cd98c115","20100727T00:07:22.682+0000","862a8751-9fb2-4bd2-862c-c98c67b6bcec","6baa9d23-bcd1-4af1-949a-4c17cd98c115","","","","","","","","","","","","","","",""
"","37106003","atlanticum","Gonostoma atlanticum Norman, 1930","GONOSTOMATIDAE","Gonostoma","","atlanticum","","Valid Name","","Species","","Norman","1930","Y","c70ac133-5cd2-4684-9911-0bf7303b101a","20081009T05:11:37.000+0000","17529c2f-3418-44d6-975c-e18544f33f0d","20100727T00:03:17.157+0000","c27cf599-eecd-4ad8-af8d-9ce2530b86b3","17529c2f-3418-44d6-975c-e18544f33f0d","","","","","","","","","","","","","","",""
"","37212008","coccinea","Halieutaea coccinea Alcock, 1889","OGCOCEPHALIDAE","Halieutaea","","coccinea","","Valid Name","","Species","","Alcock","1889","Y","98028fe7-8b93-4ee2-b0b4-588119aab634","20150515T08:40:31.541+0000","83c31f65-401c-4659-89d6-cc9b33eab3bc","20150625T00:28:50.961+0000","c1ee1a46-629a-4e91-9dbd-2ab16978b0c4","83c31f65-401c-4659-89d6-cc9b33eab3bc","","","","","","","","","","","","","","",""
"","37212002","stellata","Halieutaea stellata (Vahl, 1797)","OGCOCEPHALIDAE","Halieutaea","","stellata","","Valid Name","","Species","","Vahl","1797","N","69e04c6e-3b18-4163-9f2b-e43bad2a1f61","20150515T08:58:26.678+0000","ec6a757d-36eb-485a-b933-156581b7c963","20150625T00:28:50.961+0000","c1ee1a46-629a-4e91-9dbd-2ab16978b0c4","ec6a757d-36eb-485a-b933-156581b7c963","","","","","","","","","","","","","","",""
"","37464012","alcocki","Halimochirurgus alcocki Weber, 1913","TRIACANTHODIDAE","Halimochirurgus","","alcocki","","Valid Name","","Species","","Weber","1913","Y","000a5474-dd64-4418-accc-1ebe00a88992","20140428T04:53:16.496+0000","66f2d9fc-b274-4788-829d-f7fb494db125","20140429T04:00:17.360+0000","4f52b162-245e-4878-bb3b-8c11ebbcdaa0","66f2d9fc-b274-4788-829d-f7fb494db125","","","","","","","","","","","","","","",""
"","37081006","ovenii","Halosaurus ovenii Johnson, 1864","HALOSAURIDAE","Halosaurus","","ovenii","","Valid Name","","Species","","Johnson","1864","Y","a7bfb9b1-bd4c-4423-82cb-0b49093db322","20180802T08:02:01.382+0000","5ffeca20-e577-47f2-b8d9-7c755101f1fd","20190305T04:57:36.559+0000","16e41288-dd14-4709-853d-0ddef965168e","5ffeca20-e577-47f2-b8d9-7c755101f1fd","","","","","","","","","","","","","","",""
"","37044001","raleighana","Harriotta raleighana Goode & Bean, 1895","RHINOCHIMAERIDAE","Harriotta","","raleighana","","Valid Name","","Species","","Goode & Bean","1895","Y","ccc99f40-1cfe-4e1e-8695-74be3a7e7202","20120301T04:48:05.829+0000","8e56e147-e90a-4500-abdd-da114e2f43df","20120416T05:24:25.862+0000","26761406-d82b-4966-a2a9-06ce2b022887","8e56e147-e90a-4500-abdd-da114e2f43df","","","","","","","","","","","","","","",""
"","37287001","percoides","Helicolenus percoides (Richardson, 1842)","SEBASTIDAE","Helicolenus","","percoides","","Valid Name","","Species","","Richardson","1842","N","85003598-5710-4a92-a801-dbd3cdbd1483","20150429T22:48:31.055+0000","e9e794e6-84f7-49d2-9c2a-c6bfc5f7c238","20150505T21:35:04.768+0000","07f5d5aa-57a8-44c4-b711-f098bbb0148b","e9e794e6-84f7-49d2-9c2a-c6bfc5f7c238","","","","","","","","","","","","","","",""
"","37005001","perlo","Heptranchias perlo (Bonnaterre, 1788)","HEXANCHIDAE","Heptranchias","","perlo","","Valid Name","","Species","","Bonnaterre","1788","N","3d584571-4389-41dd-8842-53f1e086f9f1","20140313T03:41:28.159+0000","2fc6a2af-1d07-4da0-8d8f-fe3f18da55c7","20140313T03:41:28.159+0000","d8c740af-bd1c-4a32-9fd0-b514d36e84af","2fc6a2af-1d07-4da0-8d8f-fe3f18da55c7","","","","","","","","","","","","","","",""
"","37005004","nakamurai","Hexanchus nakamurai Teng, 1962","HEXANCHIDAE","Hexanchus","","nakamurai","","Valid Name","","Species","","Teng","1962","Y","8f1fd661-c703-43af-b569-f2ce19a96ed2","20140313T03:41:28.159+0000","b1d85641-a0f6-46e5-8b14-09985c1680f0","20140313T03:41:28.159+0000","9d8828a4-08f0-45ac-87f6-c9e68b926341","b1d85641-a0f6-46e5-8b14-09985c1680f0","","","","","","","","","","","","","","",""
"","37117002","diactithrix","Hime diactithrix (Prokofiev, 2008)","AULOPIDAE","Hime","","diactithrix","","Valid Name","","Species","","Prokofiev","2008","N","455d7e11-ff22-4e60-9bf2-36f5943e263a","20160524T08:39:29.204+0000","b366c068-bb0e-4f52-af71-9fca7be57001","20161222T00:27:39.419+0000","f627f7b2-ff7f-4085-a702-01c244e58d94","b366c068-bb0e-4f52-af71-9fca7be57001","","","","","","","","","","","","","","",""
"","37233002","rufipinnis","Hirundichthys rufipinnis (Valenciennes, 1847)","EXOCOETIDAE","Hirundichthys","","rufipinnis","","Valid Name","","Species","","Valenciennes","1847","N","68387651-e72d-408b-8bf2-7abd1e28a8d0","20180320T06:24:08.056+0000","8fa73c7a-e39e-4b7a-8f16-b594277a736d","20180329T02:08:16.158+0000","9f8f8210-f58d-44ce-9dab-77a53253360f","8fa73c7a-e39e-4b7a-8f16-b594277a736d","","","","","","","","","","","","","","",""
"","37297005","filamentosus","Hoplichthys filamentosus Matsubara & Ochiai, 1950","HOPLICHTHYIDAE","Hoplichthys","","filamentosus","","Valid Name","","Species","","Matsubara & Ochiai","1950","Y","9eee8130-e853-4c79-85a5-a6fda66d42f1","20150403T05:54:56.823+0000","bbf698de-db4b-49a8-8c6c-c605b8369983","20150505T21:35:04.768+0000","b030ab4f-e4c8-49cb-a303-149a61617d64","bbf698de-db4b-49a8-8c6c-c605b8369983","","","","","","","","","","","","","","",""
"","37297001","haswelli","Hoplichthys haswelli McCulloch, 1907","HOPLICHTHYIDAE","Hoplichthys","","haswelli","","Valid Name","","Species","","McCulloch","1907","Y","aad474dc-b1f8-46e0-bb0a-bcad85f79bf4","20150407T14:12:02.491+0000","7196e7fd-b12c-4b43-995e-368c5b31cbfa","20150505T21:35:04.768+0000","b030ab4f-e4c8-49cb-a303-149a61617d64","7196e7fd-b12c-4b43-995e-368c5b31cbfa","","","","","","","","","","","","","","",""
"","37228007","armata","Hoplobrotula armata (Temminck & Schlegel, 1847)","OPHIDIIDAE","Hoplobrotula","","armata","","Valid Name","","Species","","Temminck & Schlegel","1847","N","3a307e1e-49da-4c46-b97b-67c4f0f25b30","20150518T05:52:28.242+0000","f0b24458-2526-4fe0-8bba-33bf4cfa08ac","20150622T00:52:33.563+0000","413d14b0-d493-40dc-89f6-225b89a8dbf3","f0b24458-2526-4fe0-8bba-33bf4cfa08ac","","","","","","","","","","","","","","",""
"","37255002","latus","Hoplostethus latus McCulloch, 1914","TRACHICHTHYIDAE","Hoplostethus","","latus","","Valid Name","","Species","","McCulloch","1914","Y","3910302c-8326-4061-86c0-1f486c86b044","20160517T10:15:40.930+0000","6c264a93-77a0-4012-9e64-49a2d308bde3","20160606T05:15:12.352+0000","2ad65168-c70e-42e1-b0f4-3c8a27b09860","6c264a93-77a0-4012-9e64-49a2d308bde3","","","","","","","","","","","","","","",""
"","37042003","lemures","Hydrolagus lemures (Whitley, 1939)","CHIMAERIDAE","Hydrolagus","","lemures","","Valid Name","","Species","","Whitley","1939","N","f5238f68-360e-4676-b991-de4081532fa1","20111023T03:55:50.426+0000","0d67938a-4ff2-4126-942c-1803a12e6970","20120416T05:24:25.862+0000","8b3f6a53-3e29-49ea-9c1d-54788c8a7727","0d67938a-4ff2-4126-942c-1803a12e6970","","","","","","","","","","","","","","",""
"","37122045","hanseni","Hygophum hanseni (Tåning, 1932)","MYCTOPHIDAE","Hygophum","","hanseni","","Valid Name","","Species","","Tåning","1932","N","b1136d8b-152f-4d33-9429-875c233ca39a","20081009T05:11:37.000+0000","7e8dd6a5-5415-4791-8517-9847319bb603","20100727T00:07:22.682+0000","bd197d30-5d03-4c72-a0cc-ae6b8260ffcb","7e8dd6a5-5415-4791-8517-9847319bb603","","","","","","","","","","","","","","",""
"","37122004","hygomii","Hygophum hygomii (Lütken, 1892)","MYCTOPHIDAE","Hygophum","","hygomii","","Valid Name","","Species","","Lütken","1892","N","836a4b28-39a9-479c-9863-caf5d437de92","20081009T05:11:37.000+0000","fc6b5779-ace8-4119-b6ac-22df1f15de4b","20100727T00:07:22.682+0000","bd197d30-5d03-4c72-a0cc-ae6b8260ffcb","fc6b5779-ace8-4119-b6ac-22df1f15de4b","","","","","","","","","","","","","","",""
"","37122023","proximum","Hygophum proximum Becker, 1965","MYCTOPHIDAE","Hygophum","","proximum","","Valid Name","","Species","","Becker","1965","Y","2d101c97-02d2-4a16-910d-bd59b2b3d667","20081009T05:11:37.000+0000","1de48591-7283-4602-9732-7fae764a0670","20100727T00:07:22.682+0000","bd197d30-5d03-4c72-a0cc-ae6b8260ffcb","1de48591-7283-4602-9732-7fae764a0670","","","","","","","","","","","","","","",""
"","37232082","nascens","Hymenocephalus nascens Gilbert & Hubbs, 1920","MACROURIDAE","Hymenocephalus","","nascens","","Valid Name","","Species","","Gilbert & Hubbs","1920","Y","c719a76c-deee-4784-bacc-daa70f008197","20180509T06:52:28.686+0000","caa3b798-5d48-47d2-a6a3-0e48a8eb21f4","20180731T05:42:43.637+0000","2f53614d-0512-4b19-a9a7-64e87155e731","caa3b798-5d48-47d2-a6a3-0e48a8eb21f4","","","","","","","","","","","","","","",""
"","37445001","antarctica","Hyperoglyphe antarctica (Carmichael, 1818)","CENTROLOPHIDAE","Hyperoglyphe","","antarctica","","Valid Name","","Species","","Carmichael","1818","N","e06e7c6d-bf80-49c6-9bd5-2f3e73294655","20131008T23:07:52.756+0000","12dde7a8-3cb4-4eac-8126-100fb7918010","20131017T03:09:50.100+0000","f74f7bfe-32d3-404f-ba1f-0c2d1ccf1c28","12dde7a8-3cb4-4eac-8126-100fb7918010","","","","","","","","","","","","","","",""
"","37113001","fasciola","Idiacanthus fasciola Peters, 1877","STOMIIDAE","Idiacanthus","","fasciola","","Valid Name","","Species","","Peters","1877","Y","279a8a94-6094-43b4-996b-9b3a972879d8","20081009T05:11:37.000+0000","3eeb5bfc-2e87-4d50-937e-b755c98b0776","20100727T00:03:17.157+0000","40808d63-d101-4ffd-840f-18ac0e43d6ce","3eeb5bfc-2e87-4d50-937e-b755c98b0776","","","","","","","","","","","","","","",""
"","37031022","subtilispinosa","Insentiraja subtilispinosa (Stehmann, 1989)","ARHYNCHOBATIDAE","Insentiraja","","subtilispinosa","","Valid Name","","Species","","Stehmann","1989","N","c541b990-bbd5-4f39-912e-6dc4a4a3f4a2","20120412T02:38:12.881+0000","b93cad2f-8dfe-4e79-a02b-dcc41bcc9eef","20140820T04:28:47.171+0000","ec01844d-49fa-43d7-a74b-f04bcd206dc5","b93cad2f-8dfe-4e79-a02b-dcc41bcc9eef","","","","","","","","","","","","","","",""
"","37020014","brasiliensis","Isistius brasiliensis (Quoy & Gaimard, 1824)","DALATIIDAE","Isistius","","brasiliensis","","Valid Name","","Species","","Quoy & Gaimard","1824","N","537efafe-d7f8-445b-9797-3b34763a4d57","20120120T04:58:15.510+0000","7d184735-fd6e-49de-9839-5b05be202dc8","20120416T05:24:25.862+0000","cdbfc431-e70c-408d-b474-77c3cfe1a10f","7d184735-fd6e-49de-9839-5b05be202dc8","","","","","","","","","","","","","","",""
"","37444006","indica","Istiompax indica (Cuvier, 1832)","ISTIOPHORIDAE","Istiompax","","indica","","Valid Name","","Species","","Cuvier","1832","N","82a1b242-e286-4d26-9f33-c08e696941c9","20131008T23:07:52.756+0000","5a7c8ec1-6de5-48ed-b594-b9607745ffc2","20131008T23:07:52.756+0000","5c83d45b-37e4-4a00-b49d-f04ec90f473f","5a7c8ec1-6de5-48ed-b594-b9607745ffc2","","","","","","","","","","","","","","",""
"","37444005","platypterus","Istiophorus platypterus (Shaw & Nodder, 1792)","ISTIOPHORIDAE","Istiophorus","","platypterus","","Valid Name","","Species","","Shaw & Nodder","1792","N","31e14554-49d5-451f-adbb-8e8db136e6d7","20131008T23:07:52.756+0000","8c378113-b081-4e11-9be4-e7a954cda5e3","20131008T23:07:52.756+0000","7b208e33-352e-408e-bc95-97e39f94f8c2","8c378113-b081-4e11-9be4-e7a954cda5e3","","","","","","","","","","","","","","",""
"","37010001","oxyrinchus","Isurus oxyrinchus Rafinesque, 1810","LAMNIDAE","Isurus","","oxyrinchus","","Valid Name","","Species","","Rafinesque","1810","Y","dbdda7f3-b9c6-4b6b-9bb4-aeb50bb4fdb5","20140313T03:41:28.159+0000","d23278a6-3a59-419d-9b04-870b1d34018c","20140313T03:41:28.159+0000","3ed95850-3456-42a8-9ded-733a5bf7eab1","d23278a6-3a59-419d-9b04-870b1d34018c","","","","","","","","","","","","","","",""
"","37010002","paucus","Isurus paucus Guitart Manday, 1966","LAMNIDAE","Isurus","","paucus","","Valid Name","","Species","","Guitart Manday","1966","Y","ae86a85f-a0b1-42ca-9632-6d4025a368f2","20140313T03:41:28.159+0000","1c7ecce8-8701-43f6-8e83-f4ad047e45ca","20140313T03:41:28.159+0000","3ed95850-3456-42a8-9ded-733a5bf7eab1","1c7ecce8-8701-43f6-8e83-f4ad047e45ca","","","","","","","","","","","","","","",""
"","37444002","audax","Kajikia audax (Philippi, 1887)","ISTIOPHORIDAE","Kajikia","","audax","","Valid Name","","Species","","Philippi","1887","N","1cdef86d-feec-45a0-b7bd-d25021824582","20131008T23:07:52.756+0000","c0dd52e1-d47b-4e23-87b3-fc1520d8409e","20131008T23:07:52.756+0000","5aee2aa0-14e1-4051-9477-8be68765dd40","c0dd52e1-d47b-4e23-87b3-fc1520d8409e","","","","","","","","","","","","","","",""
"","37400004","nigrofasciatum","Kathetostoma nigrofasciatum Waite & McCulloch, 1915","URANOSCOPIDAE","Kathetostoma","","nigrofasciatum","","Valid Name","","Species","","Waite & McCulloch","1915","Y","7b3f4bea-1f03-4b80-acd1-10cbb9ad2ac1","20150827T07:37:19.804+0000","f546382a-2a6b-49bf-bbc0-7f4baf456a36","20151008T04:00:06.190+0000","b47648ad-15b1-4a3f-bcb2-4ccdc7f73d72","f546382a-2a6b-49bf-bbc0-7f4baf456a36","","","","","","","","","","","","","","",""
"","37441003","pelamis","Katsuwonus pelamis (Linnaeus, 1758)","SCOMBRIDAE","Katsuwonus","","pelamis","","Valid Name","","Species","","Linnaeus","1758","N","e6d8bd9b-439b-48d5-b1a4-e5957f228da5","20131008T23:07:52.756+0000","bb2ec6ae-1015-4602-80ac-39ef279011c1","20131008T23:07:52.756+0000","dae90a79-6061-4c45-98f8-bd64a81066f8","bb2ec6ae-1015-4602-80ac-39ef279011c1","","","","","","","","","","","","","","",""
"","37206017","kuiteri","Kopua kuiteri Hutchins, 1991","GOBIESOCIDAE","Kopua","","kuiteri","","Valid Name","","Species","","Hutchins","1991","Y","d14a41fd-337e-41ec-85b6-9bc22156fcce","20131008T23:07:52.756+0000","1d1ee2a0-e3e1-4a0f-98f4-337ee12c12a9","20190521T05:24:31.422+0000","747278d0-5414-4a9f-ab80-6ccc8ad898cf","1d1ee2a0-e3e1-4a0f-98f4-337ee12c12a9","","","","","","","","","","","","","","",""
"","37232084","pallida","Kuronezumia pallida Sazonov & Iwamoto, 1992","MACROURIDAE","Kuronezumia","","pallida","","Valid Name","","Species","","Sazonov & Iwamoto","1992","Y","4634f27d-630e-4429-8688-df1b78559fea","20180411T22:50:16.904+0000","8085afa8-bece-4ab1-bcac-37402b9174c2","20180731T05:42:43.637+0000","4ad316c6-c94e-4c62-8186-8e21486c5964","8085afa8-bece-4ab1-bcac-37402b9174c2","","","","","","","","","","","","","","",""
"","37010004","nasus","Lamna nasus (Bonnaterre, 1788)","LAMNIDAE","Lamna","","nasus","","Valid Name","","Species","","Bonnaterre","1788","N","6ed085bc-76a8-4dc2-839d-a1215c7bba48","20140313T03:41:28.159+0000","59dc94d5-7e02-40c3-9f89-1811b231a869","20140313T03:41:28.159+0000","8daf8ae0-f601-4685-a90d-bf5bee72a6d6","59dc94d5-7e02-40c3-9f89-1811b231a869","","","","","","","","","","","","","","",""
"","37122093","chavesi","Lampadena chavesi Collett, 1905","MYCTOPHIDAE","Lampadena","","chavesi","","Valid Name","","Species","","Collett","1905","Y","00bd6437-acc8-4dd9-b18f-d533ccffba53","20081009T05:11:37.000+0000","add2da79-21f2-41db-81a9-268141841abe","20100727T00:07:22.682+0000","c0f6eb5a-8fed-4ba3-9fca-c6794ad1f298","add2da79-21f2-41db-81a9-268141841abe","","","","","","","","","","","","","","",""
"","37122094","luminosa","Lampadena luminosa (Garman, 1899)","MYCTOPHIDAE","Lampadena","","luminosa","","Valid Name","","Species","","Garman","1899","N","ede2bf09-b028-4400-8b9c-d06f54eabd47","20081009T05:11:37.000+0000","775fe61d-9a6a-4703-acc8-d9ef0290caa7","20100727T00:07:22.682+0000","c0f6eb5a-8fed-4ba3-9fca-c6794ad1f298","775fe61d-9a6a-4703-acc8-d9ef0290caa7","","","","","","","","","","","","","","",""
"","37122002","hectoris","Lampanyctodes hectoris (Günther, 1876)","MYCTOPHIDAE","Lampanyctodes","","hectoris","","Valid Name","","Species","","Günther","1876","N","f18a4448-5486-4c65-881e-926b9c5de428","20081009T05:11:37.000+0000","77015743-327f-467f-8c9c-1cb1865be6bc","20100727T00:07:22.682+0000","b1417f1a-d1d3-43e4-bb0a-2afb41bee9e5","77015743-327f-467f-8c9c-1cb1865be6bc","","","","","","","","","","","","","","",""
"","37122048","alatus","Lampanyctus alatus Goode & Bean, 1896","MYCTOPHIDAE","Lampanyctus","","alatus","","Valid Name","","Species","","Goode & Bean","1896","Y","86cc1d4c-92ad-4c4b-b3e2-6b1da6bec6ac","20081009T05:11:37.000+0000","7754f38f-3278-47be-8f63-556c2a0b0a9c","20100727T00:07:22.682+0000","40c59efd-43a0-4a1a-87b6-ed49f20c860c","7754f38f-3278-47be-8f63-556c2a0b0a9c","","","","","","","","","","","","","","",""
"","37122050","festivus","Lampanyctus festivus Tåning, 1928","MYCTOPHIDAE","Lampanyctus","","festivus","","Valid Name","","Species","","Tåning","1928","Y","3ac5f6ed-0637-4650-b5d0-569778e12746","20081009T05:11:37.000+0000","6f199a14-0ce9-48f8-82ec-340a8972868a","20100727T00:07:22.682+0000","40c59efd-43a0-4a1a-87b6-ed49f20c860c","6f199a14-0ce9-48f8-82ec-340a8972868a","","","","","","","","","","","","","","",""
"","37122097","nobilis","Lampanyctus nobilis Tåning, 1928","MYCTOPHIDAE","Lampanyctus","","nobilis","","Valid Name","","Species","","Tåning","1928","Y","063dac6c-42a1-4fdb-b657-f8b0ab3b6919","20081009T05:11:37.000+0000","6f8e98d7-ff39-4e76-8052-f4ba834e37eb","20100727T00:07:22.682+0000","40c59efd-43a0-4a1a-87b6-ed49f20c860c","6f8e98d7-ff39-4e76-8052-f4ba834e37eb","","","","","","","","","","","","","","",""
"","37122052","pusillus","Lampanyctus pusillus (Johnson, 1890)","MYCTOPHIDAE","Lampanyctus","","pusillus","","Valid Name","","Species","","Johnson","1890","N","ea1fb096-76a9-4874-aa4b-55b805408d7f","20081009T05:11:37.000+0000","f9e7644b-e6a6-4683-8c4d-6d09de4c2378","20100727T00:07:22.682+0000","40c59efd-43a0-4a1a-87b6-ed49f20c860c","f9e7644b-e6a6-4683-8c4d-6d09de4c2378","","","","","","","","","","","","","","",""
"","37268001","australensis","Lampris australensis Underkoffler, Luers, Hyde & Craig, 2018","LAMPRIDIDAE","Lampris","","australensis","","Valid Name","","Species","","Underkoffler, Luers, Hyde & Craig","2018","Y","037f3f03-992c-4687-b054-3f9c78784a7c","20180702T03:59:59.835+0000","fd86890b-e7cc-4225-83cb-9fdd592d2d43","20180731T05:33:35.120+0000","e84675b8-136b-414d-8b21-e464fe6387d0","fd86890b-e7cc-4225-83cb-9fdd592d2d43","","","","","","","","","","","","","","",""
"","37439008","flavobrunneum","Lepidocybium flavobrunneum (Smith, 1843)","GEMPYLIDAE","Lepidocybium","","flavobrunneum","","Valid Name","","Species","","Smith","1843","N","29c45238-d47e-4957-9a35-fc092c509eaf","20131008T23:07:52.756+0000","01e570df-cf5b-4dbc-b93b-8662cf279f37","20131008T23:07:52.756+0000","225a8688-eb91-46d3-b2c0-4908edb16aa6","01e570df-cf5b-4dbc-b93b-8662cf279f37","","","","","","","","","","","","","","",""
"","37311175","filamenta","Lepidoperca filamenta Roberts, 1987","SERRANIDAE","Lepidoperca","","filamenta","","Valid Name","","Species","","Roberts","1987","Y","fbee4a42-5c48-472f-b6da-902064fb7ae6","20111224T04:53:24.981+0000","a0ababd3-b6fa-4419-9cdc-5ce6cee2d9a2","20180601T06:02:12.387+0000","4d157017-8a1a-42fb-947d-3662131563e1","a0ababd3-b6fa-4419-9cdc-5ce6cee2d9a2","","","","","","","","","","","","","","",""
"","37232004","denticulatus","Lepidorhynchus denticulatus Richardson, 1846","MACROURIDAE","Lepidorhynchus","","denticulatus","","Valid Name","","Species","","Richardson","1846","Y","e322c763-a2d7-4b39-a12d-7427ac593240","20180515T06:40:29.685+0000","4f8c51f4-a798-44b8-aca8-0d3e406667ae","20180731T05:42:43.637+0000","1e3cb325-8460-44b1-ab36-66f0a904d949","4f8c51f4-a798-44b8-aca8-0d3e406667ae","","","","","","","","","","","","","","",""
"","37126007","atlanticum","Lestidium atlanticum Borodin, 1928","PARALEPIDIDAE","Lestidium","","atlanticum","","Valid Name","","Species","","Borodin","1928","Y","c77cbe86-67d0-4828-9aaa-b7e1ddc1b3f4","20160712T07:08:33.343+0000","cbcadacc-d057-469a-a840-91ede88a00c7","20161222T00:27:39.419+0000","72c2dec1-7568-43cf-a4f9-ef042e5f836f","cbcadacc-d057-469a-a840-91ede88a00c7","","","","","","","","","","","","","","",""
"","37126008","japonica","Lestrolepis japonica (Tanaka, 1908)","PARALEPIDIDAE","Lestrolepis","","japonica","","Valid Name","","Species","","Tanaka","1908","N","0e87a0d6-c6ae-490b-919e-4f9768be4450","20160712T09:10:43.436+0000","b14b1435-1167-4e5e-9f13-1bdc6c5b53b5","20161222T00:27:39.419+0000","60ead074-84c5-4dd2-9aba-3daade7f5bf3","b14b1435-1167-4e5e-9f13-1bdc6c5b53b5","","","","","","","","","","","","","","",""
"","37031039","pristispina","Leucoraja pristispina Last, Stehmann & Séret, 2008","RAJIDAE","Leucoraja","","pristispina","","Valid Name","","Species","","Last, Stehmann & Séret","2008","Y","43b47bea-06c1-448b-aad7-e34e31dfa423","20180417T05:12:57.380+0000","c90ded40-afc6-41d9-b5b6-8a169a28deec","20180731T05:52:26.165+0000","cc8435c3-1ac0-42c1-92f6-f985be2c540f","c90ded40-afc6-41d9-b5b6-8a169a28deec","","","","","","","","","","","","","","",""
"","37346031","carnolabrum","Lipocheilus carnolabrum (Chan, 1970)","LUTJANIDAE","Lipocheilus","","carnolabrum","","Valid Name","","Species","","Chan","1970","N","37408c7e-d9a2-46d1-83b5-ac8968672d53","20131008T23:07:52.756+0000","9905cde9-2e8a-4ebd-8782-83bf74c9b9a4","20131008T23:07:52.756+0000","5ad3120a-63c9-41dc-b1a1-ba272348a989","9905cde9-2e8a-4ebd-8782-83bf74c9b9a4","","","","","","","","","","","","","","",""
"","37122053","dofleini","Lobianchia dofleini (Zugmayer, 1911)","MYCTOPHIDAE","Lobianchia","","dofleini","","Valid Name","","Species","","Zugmayer","1911","N","3dd0b6fa-a81f-4847-8a92-34af82258905","20081009T05:11:37.000+0000","9ac5981d-dd8d-4faa-9963-1f769768df8f","20100727T00:07:22.682+0000","d6d000a0-f266-44b7-aef9-4c17ddc28be7","9ac5981d-dd8d-4faa-9963-1f769768df8f","","","","","","","","","","","","","","",""
"","37122054","gemellarii","Lobianchia gemellarii (Cocco, 1838)","MYCTOPHIDAE","Lobianchia","","gemellarii","","Valid Name","","Species","","Cocco","1838","N","69ff2e97-cd77-43bf-bd5c-5afd90f295ae","20081009T05:11:37.000+0000","75eab29d-b5e4-43f3-90cf-b4c57fd6f015","20100727T00:07:22.682+0000","d6d000a0-f266-44b7-aef9-4c17ddc28be7","75eab29d-b5e4-43f3-90cf-b4c57fd6f015","","","","","","","","","","","","","","",""
"","37208001","setigerus","Lophiomus setigerus (Vahl, 1797)","LOPHIIDAE","Lophiomus","","setigerus","","Valid Name","","Species","","Vahl","1797","N","4def3457-fb4d-4df9-b965-251fb09ef064","20150508T07:58:19.684+0000","465a65b5-78ba-42a2-b567-02da4faa2f17","20150625T00:28:50.961+0000","a3a06f45-80ea-4e58-bac9-b6ac230edf4e","465a65b5-78ba-42a2-b567-02da4faa2f17","","","","","","","","","","","","","","",""
"","37122098","rara","Loweina rara (Lütken, 1892)","MYCTOPHIDAE","Loweina","","rara","","Valid Name","","Species","","Lütken","1892","N","9145647d-d777-4a28-b9e7-b92e7365e996","20081009T05:11:37.000+0000","71b07bf9-27ff-4427-9bc6-e01338b521d8","20100727T00:07:22.682+0000","986cdf20-03d8-4568-88e8-6af040f9a37a","71b07bf9-27ff-4427-9bc6-e01338b521d8","","","","","","","","","","","","","","",""
"","37232085","ori","Lucigadus ori (Smith, 1968)","MACROURIDAE","Lucigadus","","ori","","Valid Name","","Species","","Smith","1968","N","64c50958-4e2c-491f-97f2-508f522bdb4a","20180411T22:50:16.904+0000","cfea414a-4017-4c64-9f4b-8ae802c0e274","20180731T05:42:43.637+0000","d055dc55-2b0b-4a50-af22-c2c675390340","cfea414a-4017-4c64-9f4b-8ae802c0e274","","","","","","","","","","","","","","",""
"","37443001","imperialis","Luvarus imperialis Rafinesque, 1810","LUVARIDAE","Luvarus","","imperialis","","Valid Name","","Species","","Rafinesque","1810","Y","6410772f-cb08-42ff-baa8-a35570c70d64","20131008T23:07:52.756+0000","d93edfab-9592-497a-9b1c-d00c22cb02bf","20131008T23:07:52.756+0000","46781100-2d2e-46fd-ac9d-fe0639748e72","d93edfab-9592-497a-9b1c-d00c22cb02bf","","","","","","","","","","","","","","",""
"","37279002","scolopax","Macroramphosus scolopax (Linnaeus, 1758)","CENTRISCIDAE","Macroramphosus","","scolopax","","Valid Name","","Species","","Linnaeus","1758","N","1c65ad85-625d-4268-b13b-94431b0ea036","20170702T09:17:08.978+0000","8d1058ce-24a9-4ca2-a540-f6896fd5b015","20170727T04:24:54.431+0000","96fd4427-9f86-463f-864c-ed1ff1c578c5","8d1058ce-24a9-4ca2-a540-f6896fd5b015","","","","","","","","","","","","","","",""
"","37232063","inflaticeps","Macrouroides inflaticeps Smith & Radcliffe, 1912","MACROURIDAE","Macrouroides","","inflaticeps","","Valid Name","","Species","","Smith & Radcliffe","1912","Y","af12d7bd-5d99-42a1-9b16-7674bad6368a","20180411T22:50:16.904+0000","1023204b-c627-47c2-9436-e499fdc939f8","20180731T05:42:43.637+0000","7b9a2301-bfc4-4b3a-a6d5-e3a68d847faa","1023204b-c627-47c2-9436-e499fdc939f8","","","","","","","","","","","","","","",""
"","37444003","nigricans","Makaira nigricans Lacépède, 1802","ISTIOPHORIDAE","Makaira","","nigricans","","Valid Name","","Species","","Lacépède","1802","Y","74e8a17f-10b6-45da-9d85-4d588a0f3c09","20131008T23:07:52.756+0000","858a3a2a-4d1b-4670-a436-872c738341c3","20131008T23:07:52.756+0000","dfacef4d-542c-4955-9367-3d197918a12f","858a3a2a-4d1b-4670-a436-872c738341c3","","","","","","","","","","","","","","",""
"","37232007","laevis","Malacocephalus laevis (Lowe, 1843)","MACROURIDAE","Malacocephalus","","laevis","","Valid Name","","Species","","Lowe","1843","N","406e189e-b46b-42a2-9609-3e853690eb63","20180411T22:50:16.904+0000","e81f946b-dedd-4fbd-9709-98cb4c7b3383","20180731T05:42:43.637+0000","ec466bec-3020-44eb-973f-0e030b262a09","e81f946b-dedd-4fbd-9709-98cb4c7b3383","","","","","","","","","","","","","","",""
"","37110001","niger","Malacosteus niger Ayres, 1848","STOMIIDAE","Malacosteus","","niger","","Valid Name","","Species","","Ayres","1848","Y","f9a7b441-ddab-48c1-8e73-0f8bed5eccb1","20081009T05:11:37.000+0000","d14d5357-0e9d-4b54-884c-75275da4a7b3","20100727T00:03:17.157+0000","26b69d16-cb71-414c-9126-b5679a422910","d14d5357-0e9d-4b54-884c-75275da4a7b3","","","","","","","","","","","","","","",""
"","37311186","barbatus","Malakichthys barbatus Yamanoue & Yoseda, 2001","ACROPOMATIDAE","Malakichthys","","barbatus","","Valid Name","","Species","","Yamanoue & Yoseda","2001","Y","f2dbaf61-ca7f-4dcd-a0bb-3e47bca98bb9","20180615T06:34:05.979+0000","21a12cd8-6d8b-4d7a-8091-2052058c0b85","20190201T00:12:16.832+0000","3d20a4c5-aac9-4d19-9f4f-0bf9e93a4328","21a12cd8-6d8b-4d7a-8091-2052058c0b85","","","","","","","","","","","","","","",""
"","37311031","levis","Malakichthys levis Yamanoue & Matsuura, 2001","ACROPOMATIDAE","Malakichthys","","levis","","Valid Name","","Species","","Yamanoue & Matsuura","2001","Y","74fcbf49-d16e-4aec-bd4c-5bc295dab480","20180601T06:00:07.057+0000","0eb6c0da-13a5-4b8a-a1f3-da62fc484784","20190201T00:12:16.832+0000","3d20a4c5-aac9-4d19-9f4f-0bf9e93a4328","0eb6c0da-13a5-4b8a-a1f3-da62fc484784","","","","","","","","","","","","","","",""
"","37106021","obtusirostra","Margrethia obtusirostra Jespersen & Tåning, 1919","GONOSTOMATIDAE","Margrethia","","obtusirostra","","Valid Name","","Species","","Jespersen & Tåning","1919","Y","aa4e5be1-338d-48ba-8c25-5c131879645e","20081009T05:11:37.000+0000","058c0dfb-242f-4a4d-bdaa-27dca16bd7fe","20100727T00:03:17.157+0000","0b087c31-9e75-44ef-9e2f-ff5155b9080a","058c0dfb-242f-4a4d-bdaa-27dca16bd7fe","","","","","","","","","","","","","","",""
"","37232086","acipenserinus","Mataeocephalus acipenserinus (Gilbert & Cramer, 1897)","MACROURIDAE","Mataeocephalus","","acipenserinus","","Valid Name","","Species","","Gilbert & Cramer","1897","N","35b039e5-852c-4e25-9534-8dd911465e16","20180411T22:50:16.904+0000","324316cf-96e9-4daf-a43c-2596ae3c62fa","20180731T05:42:43.637+0000","a3408285-468e-40af-a11d-4f17b210e25f","324316cf-96e9-4daf-a43c-2596ae3c62fa","","","","","","","","","","","","","","",""
"","37115005","acuticeps","Maulisia acuticeps Sazonov, 1976","PLATYTROCTIDAE","Maulisia","","acuticeps","","Valid Name","","Species","","Sazonov","1976","Y","67c6ef91-b898-4fbf-bb78-2a6571d0bda4","20160523T00:06:44.378+0000","0823c947-94ef-4fab-b4e2-fe9aa8b8f63f","20160606T05:32:28.811+0000","cbc2ec68-8b3a-4e10-a803-1decf8330e9e","0823c947-94ef-4fab-b4e2-fe9aa8b8f63f","","","","","","","","","","","","","","",""
"","37115006","microlepis","Maulisia microlepis Sazonov & Golovan, 1976","PLATYTROCTIDAE","Maulisia","","microlepis","","Valid Name","","Species","","Sazonov & Golovan","1976","Y","e3fda3e7-38ac-43a0-b896-4c230df2c7f4","20160523T00:06:44.378+0000","32c06ec1-7dc4-45bb-914d-9d6f1a7cdfb8","20160606T05:32:28.811+0000","cbc2ec68-8b3a-4e10-a803-1decf8330e9e","32c06ec1-7dc4-45bb-914d-9d6f1a7cdfb8","","","","","","","","","","","","","","",""
"","37107002","australis","Maurolicus australis Hector, 1875","STERNOPTYCHIDAE","Maurolicus","","australis","","Valid Name","","Species","","Hector","1875","Y","0b555dc4-f981-413d-969c-3969ebeea80b","20081009T05:11:37.000+0000","c417da88-60b9-4baa-a35f-00f30bc518da","20100727T00:03:17.157+0000","6e73ebdf-5d96-4a7b-9b37-1e747f245071","c417da88-60b9-4baa-a35f-00f30bc518da","","","","","","","","","","","","","","",""
"","37097002","australis","Microstoma australis Gon & Stewart, 2014","MICROSTOMATIDAE","Microstoma","","australis","","Valid Name","","Species","","Gon & Stewart","2014","Y","08e365a1-4b54-41f5-8e0e-5fc689de7b0b","20160523T00:06:44.378+0000","7708f53a-e8be-4069-9ccb-5db3fa8ab2e9","20160606T05:32:28.811+0000","20117336-7aa6-43a0-9754-38cae2ee56e9","7708f53a-e8be-4069-9ccb-5db3fa8ab2e9","","","","","","","","","","","","","","",""
"","37057007","macrochir","Moringua macrochir Bleeker, 1855","MORINGUIDAE","Moringua","","macrochir","","Valid Name","","Species","","Bleeker","1855","Y","68b36b55-0172-4c02-a3d9-d1cd69046655","20181003T08:02:27.737+0000","3b1f7ca9-7dae-4135-bbef-242142ec2aff","20190305T04:57:36.559+0000","35fac668-b200-4ae1-8d59-02d964fec0d2","3b1f7ca9-7dae-4135-bbef-242142ec2aff","","","","","","","","","","","","","","",""
"","37017001","antarcticus","Mustelus antarcticus Günther, 1870","TRIAKIDAE","Mustelus","","antarcticus","","Valid Name","","Species","","Günther","1870","Y","6eeddd84-cb9a-40d6-8fb1-a7f86e663753","20140313T03:41:28.159+0000","7e6894af-e95e-411b-9773-80764569d658","20140313T03:41:28.159+0000","ac8d3d9b-2028-47f6-9c95-abffb292bd49","7e6894af-e95e-411b-9773-80764569d658","","","","","","","","","","","","","","",""
"","37017012","stevensi","Mustelus stevensi White & Last, 2008","TRIAKIDAE","Mustelus","","stevensi","","Valid Name","","Species","","White & Last","2008","Y","fd5470fd-863c-4f4b-ae54-81c2f3c57fff","20120309T04:42:08.487+0000","cdeeabc9-f566-4da3-a2b6-2e94ad7edf7b","20120416T05:24:25.862+0000","ac8d3d9b-2028-47f6-9c95-abffb292bd49","cdeeabc9-f566-4da3-a2b6-2e94ad7edf7b","","","","","","","","","","","","","","",""
"","37122009","asperum","Myctophum asperum Richardson, 1845","MYCTOPHIDAE","Myctophum","","asperum","","Valid Name","","Species","","Richardson","1845","Y","67297c7d-98d0-480a-aae5-040ea2fc5f51","20081009T05:11:37.000+0000","86de5e2c-5f8d-402a-8158-eb2c83b4deb2","20100727T00:07:22.682+0000","2cd75b77-2ef8-4102-a858-14ca1049da0a","86de5e2c-5f8d-402a-8158-eb2c83b4deb2","","","","","","","","","","","","","","",""
"","37122056","nitidulum","Myctophum nitidulum Garman, 1899","MYCTOPHIDAE","Myctophum","","nitidulum","","Valid Name","","Species","","Garman","1899","Y","c59a35a3-37ae-44b1-afb3-3fc89eba5f7b","20081009T05:11:37.000+0000","c4352a8e-4fe0-4247-8634-9794fee0997b","20100727T00:07:22.682+0000","2cd75b77-2ef8-4102-a858-14ca1049da0a","c4352a8e-4fe0-4247-8634-9794fee0997b","","","","","","","","","","","","","","",""
"","37122003","phengodes","Myctophum phengodes (Lütken, 1892)","MYCTOPHIDAE","Myctophum","","phengodes","","Valid Name","","Species","","Lütken","1892","N","f654cac0-c53c-4002-8c2f-91270dfe82a7","20081009T05:11:37.000+0000","052b72de-f414-4e59-aed3-fc7578455052","20100727T00:07:22.682+0000","2cd75b77-2ef8-4102-a858-14ca1049da0a","052b72de-f414-4e59-aed3-fc7578455052","","","","","","","","","","","","","","",""
"","37122049","atrum","Nannobrachium atrum (Tåning, 1928)","MYCTOPHIDAE","Nannobrachium","","atrum","","Valid Name","","Species","","Tåning","1928","N","4228e60f-02b8-4082-bb51-3d982f5a627e","20081009T05:11:37.000+0000","e34a570b-fe0e-4dea-b932-183147a66272","20100727T00:07:22.682+0000","f12be850-f974-48eb-9eb7-928e790444d0","e34a570b-fe0e-4dea-b932-183147a66272","","","","","","","","","","","","","","",""
"","37097004","ardesiaca","Nansenia ardesiaca Jordan & Thompson, 1914","MICROSTOMATIDAE","Nansenia","","ardesiaca","","Valid Name","","Species","","Jordan & Thompson","1914","Y","deeb9cae-006e-43b3-a1c4-bc07dd7a763f","20160523T00:06:44.378+0000","245ce11c-8503-47ad-bbbd-a19838dd490b","20160606T05:32:28.811+0000","d7fdc4ff-85aa-4d39-9c48-c87ef5d9ae75","245ce11c-8503-47ad-bbbd-a19838dd490b","","","","","","","","","","","","","","",""
"","37114016","lloydi","Narcetes lloydi Fowler, 1934","ALEPOCEPHALIDAE","Narcetes","","lloydi","","Valid Name","","Species","","Fowler","1934","Y","6c25fc0b-6837-4fba-b631-82ed07b8f0ae","20160523T00:06:44.378+0000","2d43902e-1670-4990-bb75-ea333b89e5ae","20160606T05:32:28.811+0000","3ece3bb6-bfce-49ea-ba00-e4b606a2fda4","2d43902e-1670-4990-bb75-ea333b89e5ae","","","","","","","","","","","","","","",""
"","37028004","lasti","Narcine lasti Carvalho & Séret, 2002","NARCINIDAE","Narcine","","lasti","","Valid Name","","Species","","Carvalho & Séret","2002","Y","56ab3b13-2211-4737-8466-b624493da997","20120411T06:55:02.307+0000","e44546b6-cd2b-4236-95d2-018f3b8880c5","20140805T06:41:22.177+0000","7e53b815-e7d9-418d-82cf-4044201eec96","e44546b6-cd2b-4236-95d2-018f3b8880c5","","","","","","","","","","","","","","",""
"","37337040","ductor","Naucrates ductor (Linnaeus, 1758)","CARANGIDAE","Naucrates","","ductor","","Valid Name","","Species","","Linnaeus","1758","N","4563c348-4be2-4796-98c2-2b400e2d1b93","20121213T05:05:37.372+0000","7f408b32-7f52-4050-aa37-902dd9f61897","20121213T07:07:48.331+0000","f18d8646-7321-4924-b0e7-325b7fc0c090","7f408b32-7f52-4050-aa37-902dd9f61897","","","","","","","","","","","","","","",""
"","37439011","tripes","Nealotus tripes Johnson, 1865","GEMPYLIDAE","Nealotus","","tripes","","Valid Name","","Species","","Johnson","1865","Y","3591e6ff-e735-49dd-b152-691fa1179dd0","20131008T23:07:52.756+0000","6b65cbc9-0076-4b61-ac89-3250c9d27c8b","20131008T23:07:52.756+0000","b9a3f4ef-e912-4c1e-971c-c7705d3e99b1","6b65cbc9-0076-4b61-ac89-3250c9d27c8b","","","","","","","","","","","","","","",""
"","37465006","ayraud","Nelusetta ayraud (Quoy & Gaimard, 1824)","MONACANTHIDAE","Nelusetta","","ayraud","","Valid Name","","Species","","Quoy & Gaimard","1824","N","ad0d4adb-55fe-4fdc-b58b-05558d113717","20140428T04:53:16.496+0000","130ac1b5-562d-480b-9b0f-afb8f5a9b234","20140429T04:00:17.360+0000","1ca1dc4b-8baa-4140-abc8-db1a20ef9b71","130ac1b5-562d-480b-9b0f-afb8f5a9b234","","","","","","","","","","","","","","",""
"","37266001","rhomboidalis","Neocyttus rhomboidalis Gilchrist, 1906","OREOSOMATIDAE","Neocyttus","","rhomboidalis","","Valid Name","","Species","","Gilchrist","1906","Y","9cfb60cb-1c4a-410f-a64a-99a471980ab3","20130506T02:42:41.804+0000","04a69832-f979-4b05-aa28-8a1db09e7127","20140807T05:30:48.119+0000","b98e2aaf-e363-4a9b-bd03-ad5f14fbe85c","04a69832-f979-4b05-aa28-8a1db09e7127","","","","","","","","","","","","","","",""
"","37439004","orientalis","Neoepinnula orientalis (Gilchrist & von Bonde, 1924)","GEMPYLIDAE","Neoepinnula","","orientalis","","Valid Name","","Species","","Gilchrist & von Bonde","1924","N","e77f36cd-8f2d-4229-8986-d04307d5bc7d","20131008T23:07:52.756+0000","047e39f0-9da0-4b51-be52-aec02496de56","20131008T23:07:52.756+0000","c3e718b8-0674-4381-9cb3-3f4b6c7c39cc","047e39f0-9da0-4b51-be52-aec02496de56","","","","","","","","","","","","","","",""
"","37121003","porosus","Neoscopelus porosus Arai, 1969","NEOSCOPELIDAE","Neoscopelus","","porosus","","Valid Name","","Species","","Arai","1969","Y","594be480-97f9-4341-b636-57d3ecdb6ccf","20081009T05:11:37.000+0000","c7d2c88d-62f1-4ea2-96d8-a66d525f8ac2","20100727T00:07:22.682+0000","dada7931-dc35-4254-aa00-0a93f230349e","c7d2c88d-62f1-4ea2-96d8-a66d525f8ac2","","","","","","","","","","","","","","",""
"","37065008","melanura","Nettastoma melanura Rafinesque, 1810","NETTASTOMATIDAE","Nettastoma","","melanura","","Valid Name","","Species","","Rafinesque","1810","Y","22efa8dc-624a-459e-a2a9-46aeb277d800","20181001T10:49:39.609+0000","2aafac5c-f3ac-4737-95a0-87d2a387c313","20190305T04:57:36.559+0000","9989d99a-323b-4a99-a1cd-aafdc15db8d4","2aafac5c-f3ac-4737-95a0-87d2a387c313","","","","","","","","","","","","","","",""
"","37232075","kapala","Nezumia kapala Iwamoto & Williams, 1999","MACROURIDAE","Nezumia","","kapala","","Valid Name","","Species","","Iwamoto & Williams","1999","Y","622bb84d-2170-4c6a-b736-27f16edc16c4","20180512T05:59:45.481+0000","38233fe8-d66f-4e9d-8861-a74eb6bf4e9d","20180731T05:42:43.637+0000","e63a288e-1b55-4f53-8437-ab433e00a75d","38233fe8-d66f-4e9d-8861-a74eb6bf4e9d","","","","","","","","","","","","","","",""
"","37232088","leucoura","Nezumia leucoura Iwamoto & Williams, 1999","MACROURIDAE","Nezumia","","leucoura","","Valid Name","","Species","","Iwamoto & Williams","1999","Y","a5cb0faa-e0a6-4cbf-af15-1e2e7afb2818","20180516T09:03:36.406+0000","82412438-3e54-4bb3-931c-4601492d2eb0","20180731T05:42:43.637+0000","e63a288e-1b55-4f53-8437-ab433e00a75d","82412438-3e54-4bb3-931c-4601492d2eb0","","","","","","","","","","","","","","",""
"","37232089","merretti","Nezumia merretti Iwamoto & Williams, 1999","MACROURIDAE","Nezumia","","merretti","","Valid Name","","Species","","Iwamoto & Williams","1999","Y","25dc10be-f16e-4579-9cad-dcbf034d03fe","20180512T06:16:12.520+0000","5524799e-49fb-4631-85c8-5a290b0eb3bf","20180731T05:42:43.637+0000","e63a288e-1b55-4f53-8437-ab433e00a75d","5524799e-49fb-4631-85c8-5a290b0eb3bf","","","","","","","","","","","","","","",""
"","37232067","propinqua","Nezumia propinqua (Gilbert & Cramer, 1897)","MACROURIDAE","Nezumia","","propinqua","","Valid Name","","Species","","Gilbert & Cramer","1897","N","f5c4c2aa-bcb2-4bf0-b7c3-cfda7c8b7383","20180411T22:50:16.904+0000","5ce2a6e5-0b20-4d8d-9056-500c8c1bcb9e","20180731T05:42:43.637+0000","e63a288e-1b55-4f53-8437-ab433e00a75d","5ce2a6e5-0b20-4d8d-9056-500c8c1bcb9e","","","","","","","","","","","","","","",""
"","37232027","soela","Nezumia soela Iwamoto & Williams, 1999","MACROURIDAE","Nezumia","","soela","","Valid Name","","Species","","Iwamoto & Williams","1999","Y","ce355143-b1b3-4458-a6e5-d3b6071f3222","20180411T22:50:16.904+0000","a36c8a6b-fa16-4d91-a6b8-8147d63f5b7c","20180731T05:42:43.637+0000","e63a288e-1b55-4f53-8437-ab433e00a75d","a36c8a6b-fa16-4d91-a6b8-8147d63f5b7c","","","","","","","","","","","","","","",""
"","37232068","spinosa","Nezumia spinosa (Gilbert & Hubbs, 1916)","MACROURIDAE","Nezumia","","spinosa","","Valid Name","","Species","","Gilbert & Hubbs","1916","N","68ecfc76-70b6-4bbf-8aa1-3ab9d027416c","20180516T06:52:52.197+0000","77eac3e8-31dd-4f88-8a68-ff255c97cb16","20180731T05:42:43.637+0000","e63a288e-1b55-4f53-8437-ab433e00a75d","77eac3e8-31dd-4f88-8a68-ff255c97cb16","","","","","","","","","","","","","","",""
"","37232090","wularnia","Nezumia wularnia Iwamoto & Williams, 1999","MACROURIDAE","Nezumia","","wularnia","","Valid Name","","Species","","Iwamoto & Williams","1999","Y","aad0cdfc-f69d-41eb-ac22-49d18001383b","20180516T06:14:13.323+0000","1c9bb013-9f7e-4313-867d-26e39232eefa","20180731T05:42:43.637+0000","e63a288e-1b55-4f53-8437-ab433e00a75d","1c9bb013-9f7e-4313-867d-26e39232eefa","","","","","","","","","","","","","","",""
"","37122058","valdiviae","Notolychnus valdiviae (Brauer, 1904)","MYCTOPHIDAE","Notolychnus","","valdiviae","","Valid Name","","Species","","Brauer","1904","N","c1d09357-904c-4298-8fcc-9b3f1402f94d","20081009T05:11:37.000+0000","52111760-9f78-4b90-9c6b-d20f20578453","20100727T00:07:22.682+0000","07656400-9f79-4220-b52f-4aae24ac20a4","52111760-9f78-4b90-9c6b-d20f20578453","","","","","","","","","","","","","","",""
"","37279005","xenosoma","Notopogon xenosoma Regan, 1914","CENTRISCIDAE","Notopogon","","xenosoma","","Valid Name","","Species","","Regan","1914","Y","962f7187-9222-4dad-93e8-878b0c941791","20170501T10:25:31.066+0000","efaba2c1-066d-435e-9b62-2c2a727689af","20170727T04:24:54.431+0000","95938277-7d3c-4094-ba8c-aa8472abc54f","efaba2c1-066d-435e-9b62-2c2a727689af","","","","","","","","","","","","","","",""
"","37031015","hirticauda","Notoraja hirticauda Last & McEachran, 2006","ARHYNCHOBATIDAE","Notoraja","","hirticauda","","Valid Name","","Species","","Last & McEachran","2006","Y","91c631ca-f868-4563-b44b-a81a41f2ebc3","20110218T01:51:42.612+0000","174c6459-a3f8-4ba5-aefe-abc752ed7084","20120416T05:24:25.862+0000","9da5fba8-963e-4fd3-9cb7-8e9df782fa47","174c6459-a3f8-4ba5-aefe-abc752ed7084","","","","","","","","","","","","","","",""
"","37122022","resplendens","Notoscopelus resplendens (Richardson, 1845)","MYCTOPHIDAE","Notoscopelus","","resplendens","","Valid Name","","Species","","Richardson","1845","N","ae6bcd58-0431-44b3-b3c3-74e660ba60fb","20081009T05:11:37.000+0000","9b35fd81-cfa1-46f1-b80b-3096038ba480","20100727T00:07:22.682+0000","20af1873-cec8-448e-b641-d637f270bbd5","9b35fd81-cfa1-46f1-b80b-3096038ba480","","","","","","","","","","","","","","",""
"","37232041","murrayi","Odontomacrurus murrayi Norman, 1939","MACROURIDAE","Odontomacrurus","","murrayi","","Valid Name","","Species","","Norman","1939","Y","d8699096-cd95-4fa1-86c9-130bb52fd478","20180411T22:50:16.904+0000","eeb8f32e-72fd-4d78-b2b7-2120c24613a2","20180731T05:42:43.637+0000","67a4106c-d8ce-4a2f-b4a7-9fb1d604ae9b","eeb8f32e-72fd-4d78-b2b7-2120c24613a2","","","","","","","","","","","","","","",""
"","37031013","leptoura","Okamejei leptoura Last & Gledhill, 2008","RAJIDAE","Okamejei","","leptoura","","Valid Name","","Species","","Last & Gledhill","2008","Y","036039f5-edf2-4256-b90c-0fd21191d2a5","20180417T05:29:57.784+0000","f412911d-c953-416a-b2d1-3d7d6e88eff5","20180731T05:52:26.165+0000","f2c4e9ca-da6f-4d37-82e0-3e17a72d809d","f412911d-c953-416a-b2d1-3d7d6e88eff5","","","","","","","","","","","","","","",""
"","37369002","woodwardi","Oplegnathus woodwardi (Waite, 1900)","OPLEGNATHIDAE","Oplegnathus","","woodwardi","","Valid Name","","Species","","Waite","1900","N","b194407b-b579-4c2f-a1d5-471fffc6269a","20131008T23:07:52.756+0000","97a2e137-4d00-4ba8-9c26-3700b732b399","20131008T23:07:52.756+0000","d82d870f-3e9d-42cd-840d-aae8e555c5b0","97a2e137-4d00-4ba8-9c26-3700b732b399","","","","","","","","","","","","","","",""
"","37266002","atlanticum","Oreosoma atlanticum Cuvier, 1829","OREOSOMATIDAE","Oreosoma","","atlanticum","","Valid Name","","Species","","Cuvier","1829","Y","57db9493-2b83-4425-a51a-0fb1cc8f55ba","20130506T02:45:56.061+0000","770785db-7550-4606-a847-e46e36b23bc8","20130506T04:26:12.282+0000","db9ebabf-a20e-44c2-a195-ddd332cd2c4c","770785db-7550-4606-a847-e46e36b23bc8","","","","","","","","","","","","","","",""
"","37390023","naevosa","Parapercis naevosa Serventy, 1937","PINGUIPEDIDAE","Parapercis","","naevosa","","Valid Name","","Species","","Serventy","1937","Y","8c74e877-6356-4240-9f4b-82cd238c0d18","20180607T07:29:15.642+0000","dbe7547c-6ee3-43cd-99a2-5965093b4fae","20180731T05:49:31.047+0000","fc0983cb-4318-4494-bee8-7c99dae7daf1","dbe7547c-6ee3-43cd-99a2-5965093b4fae","","","","","","","","","","","","","","",""
"","37390031","pogonoskii","Parapercis pogonoskii Johnson & Worthington Wilmer, 2018","PINGUIPEDIDAE","Parapercis","","pogonoskii","","Valid Name","","Species","","Johnson & Worthington Wilmer","2018","Y","29431810-e4cb-43dd-9d80-972df945ac65","20180613T07:31:57.641+0000","296c5ee3-932d-4cbe-95df-3d94e01b7711","20180731T05:49:31.047+0000","fc0983cb-4318-4494-bee8-7c99dae7daf1","296c5ee3-932d-4cbe-95df-3d94e01b7711","","","","","","","","","","","","","","",""
"","37311028","philippinensis","Parascombrops philippinensis (Günther, 1880)","ACROPOMATIDAE","Parascombrops","","philippinensis","","Valid Name","","Species","","Günther","1880","N","f1c929a6-3896-4d71-83aa-63fa0b7658b1","20190126T05:34:31.705+0000","29c9ea31-0ff2-4317-b439-1d40be9f704d","20190201T00:12:16.832+0000","fbb69ff2-3aa3-4079-b8b9-f3f16c27a192","29c9ea31-0ff2-4317-b439-1d40be9f704d","","","","","","","","","","","","","","",""
"","37120003","longianalis","Paraulopus longianalis Sato, Gomon & Nakabo, 2010","PARAULOPIDAE","Paraulopus","","longianalis","","Valid Name","","Species","","Sato, Gomon & Nakabo","2010","Y","de6cf2d1-d3b2-4b4a-8bde-58291322e6df","20160723T07:21:34.465+0000","fbe5c7ba-228a-4c2a-a5b8-51d16dfc4cea","20161222T00:27:39.419+0000","6dbd427a-b86f-4053-8f27-018407aa12a2","fbe5c7ba-228a-4c2a-a5b8-51d16dfc4cea","","","","","","","","","","","","","","",""
"","37120008","melanostomus","Paraulopus melanostomus Sato, Gomon & Nakabo, 2010","PARAULOPIDAE","Paraulopus","","melanostomus","","Valid Name","","Species","","Sato, Gomon & Nakabo","2010","Y","cf9f215f-fe56-4091-9f29-051d44737b04","20160711T06:52:11.808+0000","6dbfbc01-d14b-4306-8fec-fc2de0fc0b56","20161222T00:27:39.419+0000","6dbd427a-b86f-4053-8f27-018407aa12a2","6dbfbc01-d14b-4306-8fec-fc2de0fc0b56","","","","","","","","","","","","","","",""
"","37120001","nigripinnis","Paraulopus nigripinnis (Günther, 1878)","PARAULOPIDAE","Paraulopus","","nigripinnis","","Valid Name","","Species","","Günther","1878","N","f80abcd2-e65e-4d21-9716-99d3de32e6f5","20160723T07:49:43.812+0000","e5e193ca-6119-4611-8989-d4cec4838af8","20161222T00:27:39.419+0000","6dbd427a-b86f-4053-8f27-018407aa12a2","e5e193ca-6119-4611-8989-d4cec4838af8","","","","","","","","","","","","","","",""
"","37367001","gallipavo","Paristiopterus gallipavo Whitley, 1944","PENTACEROTIDAE","Paristiopterus","","gallipavo","","Valid Name","","Species","","Whitley","1944","Y","4a5d56c8-eacc-409f-9040-65fb5abf4e3d","20140107T23:09:55.043+0000","b75cde8a-4217-490d-b85f-b4d70cb5c0ef","20140107T23:09:55.043+0000","3c30028d-f066-48bf-be69-7504fd6c6950","b75cde8a-4217-490d-b85f-b4d70cb5c0ef","","","","","","","","","","","","","","",""
"","37367004","decacanthus","Pentaceros decacanthus Günther, 1859","PENTACEROTIDAE","Pentaceros","","decacanthus","","Valid Name","","Species","","Günther","1859","Y","d574c4ad-5d96-422a-afcf-a4b1ca02e1c6","20140107T23:09:55.043+0000","5cc158cb-28b8-437d-8717-5ddbe1d37004","20140107T23:09:55.043+0000","d4288c70-5460-431a-906c-6a60dbf84270","5cc158cb-28b8-437d-8717-5ddbe1d37004","","","","","","","","","","","","","","",""
"","37345002","macrolepis","Plagiogeneion macrolepis McCulloch, 1914","EMMELICHTHYIDAE","Plagiogeneion","","macrolepis","","Valid Name","","Species","","McCulloch","1914","Y","f37fea3b-2b18-4286-a838-26f2cc3c9a6d","20131008T23:07:52.756+0000","6a456682-76f7-48fc-b1d7-cd0084b38fff","20131008T23:07:52.756+0000","f3ff22e1-7a12-4654-a4a4-764a34d458fa","6a456682-76f7-48fc-b1d7-cd0084b38fff","","","","","","","","","","","","","","",""
"","37296002","conatus","Platycephalus conatus Waite & McCulloch, 1915","PLATYCEPHALIDAE","Platycephalus","","conatus","","Valid Name","","Species","","Waite & McCulloch","1915","Y","452a6df9-260b-4f76-bbac-ce80d187c91d","20150422T06:48:14.542+0000","e3f3a227-c771-43e8-b66a-599d3eba64a6","20150505T21:35:04.768+0000","c5353f28-ba05-4368-8aeb-e738fac64f06","e3f3a227-c771-43e8-b66a-599d3eba64a6","","","","","","","","","","","","","","",""
"","37287111","nanum","Plectrogenium nanum Gilbert, 1905","PLECTROGENIDAE","Plectrogenium","","nanum","","Valid Name","","Species","","Gilbert","1905","Y","90905ceb-7095-4c45-af5f-5cc729ddc357","20150316T03:21:39.228+0000","c5f8ca1e-e271-4b07-85c9-aefabd29f8c6","20150505T21:35:04.768+0000","7a29d4d9-11df-4f9f-8a5f-98704e186d9a","c5f8ca1e-e271-4b07-85c9-aefabd29f8c6","","","","","","","","","","","","","","",""
"","37461021","plinthus","Poecilopsetta plinthus (Jordan & Starks, 1904)","PLEURONECTIDAE","Poecilopsetta","","plinthus","","Valid Name","","Species","","Jordan & Starks","1904","N","5cca6a5c-c36c-4557-8f97-cca40276de0d","20150623T02:59:17.972+0000","5a67abf2-841b-427a-b3ed-aeb4ec1a60a9","20150707T22:49:59.218+0000","66790a74-8c17-4308-bef6-07864da4563a","5a67abf2-841b-427a-b3ed-aeb4ec1a60a9","","","","","","","","","","","","","","",""
"","37018004","glauca","Prionace glauca (Linnaeus, 1758)","CARCHARHINIDAE","Prionace","","glauca","","Valid Name","","Species","","Linnaeus","1758","N","b2a2df76-061b-47d6-b7bd-fd923b8f3099","20140313T03:41:28.159+0000","e1381d2e-f1a1-4cc5-b29e-1a5c8454889f","20140313T03:41:28.159+0000","03c50459-6b82-4aba-b833-6563887ae605","e1381d2e-f1a1-4cc5-b29e-1a5c8454889f","","","","","","","","","","","","","","",""
"","37346032","filamentosus","Pristipomoides filamentosus (Valenciennes, 1830)","LUTJANIDAE","Pristipomoides","","filamentosus","","Valid Name","","Species","","Valenciennes","1830","N","cd90ac9a-5d4e-4941-a2b8-b568d51e4520","20131008T23:07:52.756+0000","79a96965-54b9-4057-93e6-1265b827a9e2","20131008T23:07:52.756+0000","cf7c12d6-7b60-4b7f-9b8e-5a8745925218","79a96965-54b9-4057-93e6-1265b827a9e2","","","","","","","","","","","","","","",""
"","37346019","typus","Pristipomoides typus Bleeker, 1852","LUTJANIDAE","Pristipomoides","","typus","","Valid Name","","Species","","Bleeker","1852","Y","16d703f5-7dbe-47c8-bd48-fd5d02477bba","20131008T23:07:52.756+0000","125513cc-22ee-4f35-a532-b292a5e734e2","20131008T23:07:52.756+0000","cf7c12d6-7b60-4b7f-9b8e-5a8745925218","125513cc-22ee-4f35-a532-b292a5e734e2","","","","","","","","","","","","","","",""
"","37020013","plunketi","Proscymnodon plunketi (Waite, 1910)","SOMNIOSIDAE","Proscymnodon","","plunketi","","Valid Name","","Species","","Waite","1910","N","822c1859-fe68-455d-988b-beac883bd9ab","20110902T05:07:30.830+0000","d406a745-1d8d-43e8-8628-7ba7900f3c33","20120416T05:24:25.862+0000","33d07013-1b8d-4079-89eb-59a905f9ae81","d406a745-1d8d-43e8-8628-7ba7900f3c33","","","","","","","","","","","","","","",""
"","37009003","kamoharai","Pseudocarcharias kamoharai (Matsubara, 1936)","PSEUDOCARCHARIIDAE","Pseudocarcharias","","kamoharai","","Valid Name","","Species","","Matsubara","1936","N","2b44f9d2-ee3c-4131-abaa-20127f588b4d","20120308T00:35:44.878+0000","ec877993-a3c8-488c-b113-2fee2815ecc2","20120416T05:24:25.862+0000","b5e9f166-a92f-4d74-a928-355d2ae26e7e","ec877993-a3c8-488c-b113-2fee2815ecc2","","","","","","","","","","","","","","",""
"","37367009","richardsoni","Pseudopentaceros richardsoni (Smith, 1844)","PENTACEROTIDAE","Pseudopentaceros","","richardsoni","","Valid Name","","Species","","Smith","1844","N","aa8383d0-440c-41a9-8d53-bd84ed9038be","20140107T23:09:55.043+0000","63fb7f4e-45d8-4a48-9dc2-9f5ffa1cd09f","20140107T23:09:55.043+0000","19d30c3b-b158-4184-8b30-8f79cc4575a8","63fb7f4e-45d8-4a48-9dc2-9f5ffa1cd09f","","","","","","","","","","","","","","",""
"","37035010","violacea","Pteroplatytrygon violacea (Bonaparte, 1832)","DASYATIDAE","Pteroplatytrygon","","violacea","","Valid Name","","Species","","Bonaparte","1832","N","c5145e39-94da-4e31-a96b-10727718476b","20180530T05:50:00.625+0000","c59a19c3-0ce4-4076-8473-06ce96a3cbc0","20180731T05:40:10.818+0000","6a912863-8f07-495f-af0f-7b7781ef0660","c59a19c3-0ce4-4076-8473-06ce96a3cbc0","","","","","","","","","","","","","","",""
"","37229012","ventralis","Pyramodon ventralis Smith & Radcliffe, 1913","CARAPIDAE","Pyramodon","","ventralis","","Valid Name","","Species","","Smith & Radcliffe","1913","Y","8303c9bf-31f7-4f23-be83-5c0fb596bdc2","20150517T07:15:42.462+0000","669c5021-c871-43f7-aa58-0953d88f78a5","20150622T00:52:33.563+0000","9d1c4fea-4ffc-4da1-b5bb-b7a18c0442c9","669c5021-c871-43f7-aa58-0953d88f78a5","","","","","","","","","","","","","","",""
"","37470004","laevis","Ranzania laevis (Pennant, 1776)","MOLIDAE","Ranzania","","laevis","","Valid Name","","Species","","Pennant","1776","N","7891e711-f0d1-4ca8-9c88-6beb205ec588","20140428T04:53:16.496+0000","322a6a9e-3242-4906-8cfb-bdf29d628f6e","20140429T04:00:17.360+0000","1322b187-b4ef-4e02-bb16-170777a94bf6","322a6a9e-3242-4906-8cfb-bdf29d628f6e","","","","","","","","","","","","","","",""
"","37336002","remora","Remora remora (Linnaeus, 1758)","ECHENEIDAE","Remora","","remora","","Valid Name","","Species","","Linnaeus","1758","N","3e3529c4-89d8-46f8-8522-14a3373da9e4","20120112T06:52:41.969+0000","b36f3f42-e0e2-4d27-af5b-1165cdeb1263","20121205T05:13:45.011+0000","e049c468-4f4c-43c7-9bd6-fa3dc7e553e8","b36f3f42-e0e2-4d27-af5b-1165cdeb1263","","","","","","","","","","","","","","",""
"","37439009","antefurcata","Rexea antefurcata Parin, 1989","GEMPYLIDAE","Rexea","","antefurcata","","Valid Name","","Species","","Parin","1989","Y","e40aec36-ad9c-4d59-a860-42676228a364","20131008T23:07:52.756+0000","8ea4df3d-540e-42b4-be18-68a4d1a20a1f","20140820T05:06:02.684+0000","27d89560-4c67-4480-a80d-5014cb6294dc","8ea4df3d-540e-42b4-be18-68a4d1a20a1f","","","","","","","","","","","","","","",""
"","37439002","solandri","Rexea solandri (Cuvier, 1832)","GEMPYLIDAE","Rexea","","solandri","","Valid Name","","Species","","Cuvier","1832","N","df5d8aaf-4a60-4db0-98b8-b41413d0dd75","20131008T23:07:52.756+0000","75d130e6-c6bf-4d94-9f64-7552ce04b783","20131008T23:07:52.756+0000","27d89560-4c67-4480-a80d-5014cb6294dc","75d130e6-c6bf-4d94-9f64-7552ce04b783","","","","","","","","","","","","","","",""
"","37014001","typus","Rhincodon typus Smith, 1828","RHINCODONTIDAE","Rhincodon","","typus","","Valid Name","","Species","","Smith","1828","Y","53ddbeab-d46e-4ac9-ba6d-22a604350d4d","20130820T04:16:42.325+0000","8de73d05-82cb-480c-a921-19461e178add","20130820T04:16:42.325+0000","abb0dda0-b423-4338-ad4c-79f962ac4866","8de73d05-82cb-480c-a921-19461e178add","","","","","","","","","","","","","","",""
"","37044002","pacifica","Rhinochimaera pacifica (Mitsukuri, 1895)","RHINOCHIMAERIDAE","Rhinochimaera","","pacifica","","Valid Name","","Species","","Mitsukuri","1895","N","489859df-5684-4479-9703-303f6f25c5b5","20111023T06:49:39.284+0000","f800d486-836a-48f7-ac0d-bce970de9fbb","20140219T04:52:29.563+0000","b39b31aa-18a5-413e-b740-da67f2c0e9ae","f800d486-836a-48f7-ac0d-bce970de9fbb","","","","","","","","","","","","","","",""
"","37114008","attrita","Rouleina attrita (Vaillant, 1888)","ALEPOCEPHALIDAE","Rouleina","","attrita","","Valid Name","","Species","","Vaillant","1888","N","e139eadc-bdc3-4c1d-9652-337d5d941e0b","20160523T00:06:44.378+0000","d1af4182-ff81-4c72-8bf1-1656c78ea5d2","20160606T05:32:28.811+0000","74b5916a-6905-4092-918f-f343e4a63f1c","d1af4182-ff81-4c72-8bf1-1656c78ea5d2","","","","","","","","","","","","","","",""
"","37114024","guentheri","Rouleina guentheri (Alcock, 1892)","ALEPOCEPHALIDAE","Rouleina","","guentheri","","Valid Name","","Species","","Alcock","1892","N","ad324f7f-c0c7-4ca1-8465-caf3790947ec","20160523T00:06:44.378+0000","2a311834-af4f-411f-85bc-2e04269b19d4","20160606T05:32:28.811+0000","74b5916a-6905-4092-918f-f343e4a63f1c","2a311834-af4f-411f-85bc-2e04269b19d4","","","","","","","","","","","","","","",""
"","37439003","pretiosus","Ruvettus pretiosus Cocco, 1833","GEMPYLIDAE","Ruvettus","","pretiosus","","Valid Name","","Species","","Cocco","1833","Y","ed86cd92-0d80-4643-a181-adde4222d195","20131008T23:07:52.756+0000","bafc5a30-0f60-4dc7-aa18-ed0189fc12c9","20131008T23:07:52.756+0000","ce1de2f6-498f-4e37-953a-11ef8b94f015","bafc5a30-0f60-4dc7-aa18-ed0189fc12c9","","","","","","","","","","","","","","",""
"","37065005","finitimus","Saurenchelys finitimus (Whitley, 1935)","NETTASTOMATIDAE","Saurenchelys","","finitimus","","Valid Name","","Species","","Whitley","1935","N","8ee3aff0-d692-4e52-988e-5997a630a7cd","20180808T05:04:02.302+0000","c30f1466-0352-4fe3-8730-4e7bfd01c677","20190305T04:57:36.559+0000","981e4dbf-223a-4304-9351-b0108fdbeeb5","c30f1466-0352-4fe3-8730-4e7bfd01c677","","","","","","","","","","","","","","",""
"","37065006","stylura","Saurenchelys stylura (Lea, 1913)","NETTASTOMATIDAE","Saurenchelys","","stylura","","Valid Name","","Species","","Lea","1913","N","38577ae0-5772-4e24-a529-220d25a9fa6d","20180630T06:55:02.653+0000","42d1a64c-3623-4c2e-8ac6-a941ab4a51d1","20190305T04:57:36.559+0000","981e4dbf-223a-4304-9351-b0108fdbeeb5","42d1a64c-3623-4c2e-8ac6-a941ab4a51d1","","","","","","","","","","","","","","",""
"","37441001","australasicus","Scomber australasicus Cuvier, 1832","SCOMBRIDAE","Scomber","","australasicus","","Valid Name","","Species","","Cuvier","1832","Y","90f00aab-76ee-48d7-beb8-4d2a7201efdc","20131008T23:07:52.756+0000","b62fba79-345d-4180-863f-543aa851b22f","20131008T23:07:52.756+0000","b0655460-960e-4a63-ba67-4a52fb058633","b62fba79-345d-4180-863f-543aa851b22f","","","","","","","","","","","","","","",""
"","37236001","saurus","Scomberesox saurus (Walbaum, 1792)","SCOMBERESOCIDAE","Scomberesox","","saurus","","Valid Name","","Species","","Walbaum","1792","N","53dfb31a-8afd-4ac1-82c7-d3f22d438edf","20170426T07:20:00.697+0000","a4e46ea5-cf1c-4aab-9206-f67e78d02726","20180329T02:08:16.158+0000","6b4814d1-cb27-4cb0-9fe4-438bc05bcdd9","a4e46ea5-cf1c-4aab-9206-f67e78d02726","","","","","","","","","","","","","","",""
"","37439015","heterolepis","Scombrolabrax heterolepis Roule, 1921","SCOMBROLABRACIDAE","Scombrolabrax","","heterolepis","","Valid Name","","Species","","Roule","1921","Y","2dd2afe6-bb2a-4941-85cb-15710dee2dee","20131008T23:07:52.756+0000","b04e7b3f-bc40-455b-92fa-dcdeb3907833","20131008T23:07:52.756+0000","61af456b-9ba2-4371-9afd-079a560decdf","b04e7b3f-bc40-455b-92fa-dcdeb3907833","","","","","","","","","","","","","","",""
"","37131003","danae","Scopelarchoides danae Johnson, 1974","SCOPELARCHIDAE","Scopelarchoides","","danae","","Valid Name","","Species","","Johnson","1974","Y","e620bddf-c7cb-483d-9958-79bd61efba09","20160612T08:54:01.810+0000","616c4a17-bc8b-4355-9553-46b9c67bad7e","20161222T00:27:39.419+0000","b141a8ce-d942-436e-b2bc-7aebfc0321cb","616c4a17-bc8b-4355-9553-46b9c67bad7e","","","","","","","","","","","","","","",""
"","37131005","guentheri","Scopelarchus guentheri Alcock, 1896","SCOPELARCHIDAE","Scopelarchus","","guentheri","","Valid Name","","Species","","Alcock","1896","Y","8a92d3ee-0213-4112-b219-cc1b273502cf","20160612T08:47:48.270+0000","a832e830-3ab1-4231-9576-ca139ebb834d","20161222T00:27:39.419+0000","51e536a3-5d9e-40c9-afd8-c9fec5c85dc8","a832e830-3ab1-4231-9576-ca139ebb834d","","","","","","","","","","","","","","",""
"","37075002","bertini","Serrivomer bertini Bauchot, 1959","SERRIVOMERIDAE","Serrivomer","","bertini","","Valid Name","","Species","","Bauchot","1959","Y","84af1b23-354f-4e84-9775-62b49af9665c","20160718T02:02:33.763+0000","9ab0c624-5ce6-4b8b-af8e-e71001711e16","20190305T04:57:36.559+0000","407cad77-dcc4-4373-a970-d0fb1b820df6","9ab0c624-5ce6-4b8b-af8e-e71001711e16","","","","","","","","","","","","","","",""
"","37106004","elongatus","Sigmops elongatus (Günther, 1878)","GONOSTOMATIDAE","Sigmops","","elongatus","","Valid Name","","Species","","Günther","1878","N","98178d00-cdee-4c16-975c-2eaed36a2b9b","20081009T05:11:37.000+0000","d2752be5-566c-4ec5-a801-ac56e7dfd544","20100727T00:03:17.157+0000","ecab2018-3592-40e0-aaf5-d7f1a1bd251b","d2752be5-566c-4ec5-a801-ac56e7dfd544","","","","","","","","","","","","","","",""
"","37033001","bulbicauda","Sinobatis bulbicauda Last & Séret, 2008","ANACANTHOBATIDAE","Sinobatis","","bulbicauda","","Valid Name","","Species","","Last & Séret","2008","Y","ab2dee46-9702-4c16-92c0-5569ce99d3f6","20110218T01:51:42.612+0000","8a6073a0-185a-43fe-b39f-7983814f20ff","20130628T05:31:20.418+0000","2bd0eadf-58bb-4f8b-9177-c1944ac4a058","8a6073a0-185a-43fe-b39f-7983814f20ff","","","","","","","","","","","","","","",""
"","37232069","pumiliceps","Sphagemacrurus pumiliceps (Alcock, 1894)","MACROURIDAE","Sphagemacrurus","","pumiliceps","","Valid Name","","Species","","Alcock","1894","N","37785801-5fd0-4b18-bd73-997ec6f15c0e","20180509T07:09:14.324+0000","8c8a55be-f5d5-4fed-8145-fd5106d7fbe7","20180731T05:42:43.637+0000","f3cb89d1-9bf5-43b1-b7c7-ed16f5e0335f","8c8a55be-f5d5-4fed-8145-fd5106d7fbe7","","","","","","","","","","","","","","",""
"","37467004","pachygaster","Sphoeroides pachygaster (Müller & Troschel, 1848)","TETRAODONTIDAE","Sphoeroides","","pachygaster","","Valid Name","","Species","","Müller & Troschel","1848","N","0ddfd2e9-e890-43a7-81c0-b0ab8089061f","20140428T04:53:16.496+0000","9fafe216-8987-499e-bfaa-e43c0e820351","20140429T04:00:17.360+0000","0e1d5241-6801-4e0d-a717-3475449c80ae","9fafe216-8987-499e-bfaa-e43c0e820351","","","","","","","","","","","","","","",""
"","37019001","lewini","Sphyrna lewini (Griffith & Smith, 1834)","SPHYRNIDAE","Sphyrna","","lewini","","Valid Name","","Species","","Griffith & Smith","1834","N","dd88160e-17c6-4c18-a73a-17e4df4bc8d5","20140313T03:41:28.159+0000","80490086-0684-48f4-92ce-e8f9bd6c4242","20140313T03:41:28.159+0000","582cfe0e-fbda-47b4-8fe5-16e753ebe210","80490086-0684-48f4-92ce-e8f9bd6c4242","","","","","","","","","","","","","","",""
"","37232081","adelscotti","Spicomacrurus adelscotti (Iwamoto & Merrett, 1997)","MACROURIDAE","Spicomacrurus","","adelscotti","","Valid Name","","Species","","Iwamoto & Merrett","1997","N","049ec986-c3b4-4a80-a30d-698f161a02ba","20180411T22:50:16.904+0000","4a331f47-aab9-4d03-8787-3209c9287fd0","20180731T05:42:43.637+0000","a9303350-dfe0-4c95-be38-ca194b3a2e72","4a331f47-aab9-4d03-8787-3209c9287fd0","","","","","","","","","","","","","","",""
"","37232070","modificatus","Squalogadus modificatus Gilbert & Hubbs, 1916","MACROURIDAE","Squalogadus","","modificatus","","Valid Name","","Species","","Gilbert & Hubbs","1916","Y","076bc3c4-9af9-41c0-a0f5-90c5f9f0e012","20180509T07:11:48.798+0000","63baac09-1ac8-4d2d-b692-1baa92c4db64","20180731T05:42:43.637+0000","91f0d635-9369-4b1d-90d9-cb37852a4110","63baac09-1ac8-4d2d-b692-1baa92c4db64","","","","","","","","","","","","","","",""
"","37020046","edmundsi","Squalus edmundsi White, Last & Stevens, 2007","SQUALIDAE","Squalus","","edmundsi","","Valid Name","","Species","","White, Last & Stevens","2007","Y","c4e6bde9-b5b1-4e21-bde2-ad02efa539e1","20110218T01:51:42.612+0000","5d57e039-21c7-4ab6-9521-0dd251e0aa45","20120416T05:24:25.862+0000","559d82ca-9762-44c1-9ecc-be689522ef06","5d57e039-21c7-4ab6-9521-0dd251e0aa45","","","","","","","","","","","","","","",""
"","37020006","megalops","Squalus megalops (Macleay, 1881)","SQUALIDAE","Squalus","","megalops","","Valid Name","","Species","","Macleay","1881","N","02452ba1-a33a-458f-822e-1a314e18d18d","20110903T09:31:56.747+0000","28dde6f9-cece-4251-bbaa-e6cccf40062f","20151001T00:29:14.702+0000","559d82ca-9762-44c1-9ecc-be689522ef06","28dde6f9-cece-4251-bbaa-e6cccf40062f","","","","","","","","","","","","","","",""
"","37020047","montalbani","Squalus montalbani Whitley, 1931","SQUALIDAE","Squalus","","montalbani","","Valid Name","","Species","","Whitley","1931","Y","a7326272-347f-47fb-913e-45b2197fb4f4","20110218T01:51:42.612+0000","3e1ba904-7f7b-4e27-98cd-045793f34337","20120416T05:24:25.862+0000","559d82ca-9762-44c1-9ecc-be689522ef06","3e1ba904-7f7b-4e27-98cd-045793f34337","","","","","","","","","","","","","","",""
"","37020040","nasutus","Squalus nasutus Last, Marshall & White, 2007","SQUALIDAE","Squalus","","nasutus","","Valid Name","","Species","","Last, Marshall & White","2007","Y","9cdc290c-8fdd-41c1-9614-3b9170c28b01","20110218T01:51:42.612+0000","1aba1c43-7591-45d9-9d43-92903e331882","20120416T05:24:25.862+0000","559d82ca-9762-44c1-9ecc-be689522ef06","1aba1c43-7591-45d9-9d43-92903e331882","","","","","","","","","","","","","","",""
"","37024002","tergocellata","Squatina tergocellata McCulloch, 1914","SQUATINIDAE","Squatina","","tergocellata","","Valid Name","","Species","","McCulloch","1914","Y","233bfed2-cb5f-4720-8e75-a4b8b39f8d5a","20110501T09:15:38.524+0000","a7fc2130-c684-4f3c-ab11-ebeac45e6db2","20120416T05:24:25.862+0000","8dbd2f36-4eab-4ec8-84ca-a4517f54af81","a7fc2130-c684-4f3c-ab11-ebeac45e6db2","","","","","","","","","","","","","","",""
"","37107009","diaphana","Sternoptyx diaphana Hermann, 1781","STERNOPTYCHIDAE","Sternoptyx","","diaphana","","Valid Name","","Species","","Hermann","1781","Y","25827be7-5bbc-4edc-86e6-b1cc38348b9a","20081009T05:11:37.000+0000","1c0386f3-452d-42d9-b3af-de7755d42dc2","20100727T00:03:17.157+0000","21e9f843-94b8-480a-8e8f-80aa75f944c6","1c0386f3-452d-42d9-b3af-de7755d42dc2","","","","","","","","","","","","","","",""
"","37107018","pseudodiaphana","Sternoptyx pseudodiaphana Borodulina, 1977","STERNOPTYCHIDAE","Sternoptyx","","pseudodiaphana","","Valid Name","","Species","","Borodulina","1977","Y","59917d08-1bef-413c-8417-dc5bde95e150","20081009T05:11:37.000+0000","89f58642-7e02-47a4-8034-7b587e566f78","20100727T00:03:17.157+0000","21e9f843-94b8-480a-8e8f-80aa75f944c6","89f58642-7e02-47a4-8034-7b587e566f78","","","","","","","","","","","","","","",""
"","37112001","affinis","Stomias affinis Günther, 1887","STOMIIDAE","Stomias","","affinis","","Valid Name","","Species","","Günther","1887","Y","f48d63fb-361c-4616-8565-4951de827682","20081009T05:11:37.000+0000","3018fb54-f2ed-440e-89e8-01deba813e88","20100727T00:03:17.157+0000","0c3375ef-e5fd-4054-a526-1f1b1a34c5e6","3018fb54-f2ed-440e-89e8-01deba813e88","","","","","","","","","","","","","","",""
"","37112002","boa","Stomias boa (Risso, 1810)","STOMIIDAE","Stomias","","boa","","Valid Name","","Species","","Risso","1810","N","4fb1bb4e-fb51-4358-8b05-3c82fcdf4335","20081009T05:11:37.000+0000","916bc817-5bda-48d5-9a19-f3da1f4f366e","20100727T00:03:17.157+0000","0c3375ef-e5fd-4054-a526-1f1b1a34c5e6","916bc817-5bda-48d5-9a19-f3da1f4f366e","","","","","","","","","","","","","","",""
"","37122007","barnardi","Symbolophorus barnardi (Tåning, 1932)","MYCTOPHIDAE","Symbolophorus","","barnardi","","Valid Name","","Species","","Tåning","1932","N","4cbdf241-9467-44e2-a3c1-7c80bfd4a631","20081009T05:11:37.000+0000","1c94df42-b106-46d0-ab94-e151cc734e0f","20100727T00:07:22.682+0000","5e2c9070-faea-4139-b5a9-b05f3df0af4c","1c94df42-b106-46d0-ab94-e151cc734e0f","","","","","","","","","","","","","","",""
"","37122059","evermanni","Symbolophorus evermanni (Gilbert, 1905)","MYCTOPHIDAE","Symbolophorus","","evermanni","","Valid Name","","Species","","Gilbert","1905","N","13fb342e-025d-482d-91ec-d88c0cba5b54","20081009T05:11:37.000+0000","40369825-64b8-4731-92c3-23599c446cee","20100727T00:07:22.682+0000","5e2c9070-faea-4139-b5a9-b05f3df0af4c","40369825-64b8-4731-92c3-23599c446cee","","","","","","","","","","","","","","",""
"","37311054","japonicus","Synagrops japonicus (Döderlein, 1883)","ACROPOMATIDAE","Synagrops","","japonicus","","Valid Name","","Species","","Döderlein","1883","N","b16135f1-2069-4f76-93b9-92298fa7081f","20180623T08:20:25.566+0000","68a9a124-4f58-46c7-9313-1e8c4e9dadad","20190201T00:12:16.832+0000","0e1ec152-2afa-44f0-9507-f56a04af4961","68a9a124-4f58-46c7-9313-1e8c4e9dadad","","","","","","","","","","","","","","",""
"","37070003","affinis","Synaphobranchus affinis Günther, 1877","SYNAPHOBRANCHIDAE","Synaphobranchus","","affinis","","Valid Name","","Species","","Günther","1877","Y","c826d309-4bac-4870-80b0-f98e00345039","20181001T10:46:23.658+0000","c343b968-7f25-4f96-9947-677d015fdd19","20190305T04:57:36.559+0000","16e833a8-62f3-43de-b36c-b91b1445eff3","c343b968-7f25-4f96-9947-677d015fdd19","","","","","","","","","","","","","","",""
"","37070004","brevidorsalis","Synaphobranchus brevidorsalis Günther, 1887","SYNAPHOBRANCHIDAE","Synaphobranchus","","brevidorsalis","","Valid Name","","Species","","Günther","1887","Y","eb895a4d-7e48-48e4-9c78-9ebbfc45f699","20181001T10:46:43.588+0000","55ed2d92-a12e-425b-9c3c-e34f0749250a","20190305T04:57:36.559+0000","16e833a8-62f3-43de-b36c-b91b1445eff3","55ed2d92-a12e-425b-9c3c-e34f0749250a","","","","","","","","","","","","","","",""
"","37070008","kaupii","Synaphobranchus kaupii Johnson, 1862","SYNAPHOBRANCHIDAE","Synaphobranchus","","kaupii","","Valid Name","","Species","","Johnson","1862","Y","cd2d20ac-fc22-465b-8b40-54876f62806e","20181001T10:46:56.194+0000","fac4c537-b48b-463b-a62a-0d1034929eac","20190305T04:57:36.559+0000","16e833a8-62f3-43de-b36c-b91b1445eff3","fac4c537-b48b-463b-a62a-0d1034929eac","","","","","","","","","","","","","","",""
"","37070009","oregoni","Synaphobranchus oregoni Castle, 1960","SYNAPHOBRANCHIDAE","Synaphobranchus","","oregoni","","Valid Name","","Species","","Castle","1960","Y","6f82b5ff-9737-4fde-be13-212222858db6","20180811T06:06:32.506+0000","cbe1fc08-bb7e-4d2a-ae17-4330fa16a1fe","20190305T04:57:36.559+0000","16e833a8-62f3-43de-b36c-b91b1445eff3","cbe1fc08-bb7e-4d2a-ae17-4330fa16a1fe","","","","","","","","","","","","","","",""
"","37114009","antillarum","Talismania antillarum (Goode & Bean, 1896)","ALEPOCEPHALIDAE","Talismania","","antillarum","","Valid Name","","Species","","Goode & Bean","1896","N","d0c77ffe-ec19-4673-b5a6-47f06527a98b","20160523T00:06:44.378+0000","b18ce208-2502-45ef-a13f-e38ae2ca8ad0","20160606T05:32:28.811+0000","b5ae0c82-4832-4fc7-bffc-4b1814098c3c","b18ce208-2502-45ef-a13f-e38ae2ca8ad0","","","","","","","","","","","","","","",""
"","37114012","longifilis","Talismania longifilis (Brauer, 1902)","ALEPOCEPHALIDAE","Talismania","","longifilis","","Valid Name","","Species","","Brauer","1902","N","4bf4d06f-e73c-4e2c-9f3c-0b81440f5eaf","20160523T00:06:44.378+0000","df459893-fad9-454d-982a-6cdfbf3ba228","20160606T05:32:28.811+0000","b5ae0c82-4832-4fc7-bffc-4b1814098c3c","df459893-fad9-454d-982a-6cdfbf3ba228","","","","","","","","","","","","","","",""
"","37444007","angustirostris","Tetrapturus angustirostris Tanaka, 1915","ISTIOPHORIDAE","Tetrapturus","","angustirostris","","Valid Name","","Species","","Tanaka","1915","Y","53c71206-b585-4f51-9c29-e1f86025803c","20131008T23:07:52.756+0000","a3754644-f7ab-4a7e-9744-54b83f11c8b2","20131008T23:07:52.756+0000","f1ad2222-b22a-4cfa-afe7-c08bbbd85830","a3754644-f7ab-4a7e-9744-54b83f11c8b2","","","","","","","","","","","","","","",""
"","37441005","alalunga","Thunnus alalunga (Bonnaterre, 1788)","SCOMBRIDAE","Thunnus","","alalunga","","Valid Name","","Species","","Bonnaterre","1788","N","6b39df1a-af8d-4495-aa09-08f488a2eeb2","20131008T23:07:52.756+0000","819ac5a3-58da-4640-8645-a6a506bb356f","20140711T01:38:15.891+0000","9c2be46d-14bb-4fb7-bb12-6619f287506b","819ac5a3-58da-4640-8645-a6a506bb356f","","","","","","","","","","","","","","",""
"","37441002","albacares","Thunnus albacares (Bonnaterre, 1788)","SCOMBRIDAE","Thunnus","","albacares","","Valid Name","","Species","","Bonnaterre","1788","N","cd9db0a1-f6dd-4df0-90b0-7cd311dedc2a","20131008T23:07:52.756+0000","66b058dc-6951-47db-82c4-c45a1aae5b58","20140711T01:38:15.891+0000","9c2be46d-14bb-4fb7-bb12-6619f287506b","66b058dc-6951-47db-82c4-c45a1aae5b58","","","","","","","","","","","","","","",""
"","37441004","maccoyii","Thunnus maccoyii (Castelnau, 1872)","SCOMBRIDAE","Thunnus","","maccoyii","","Valid Name","","Species","","Castelnau","1872","N","268b6b31-cf0d-4622-befa-e3dee731b852","20131008T23:07:52.756+0000","dd2d7fa7-6c4b-4e46-944d-bf855192735d","20131008T23:07:52.756+0000","9c2be46d-14bb-4fb7-bb12-6619f287506b","dd2d7fa7-6c4b-4e46-944d-bf855192735d","","","","","","","","","","","","","","",""
"","37441011","obesus","Thunnus obesus (Lowe, 1839)","SCOMBRIDAE","Thunnus","","obesus","","Valid Name","","Species","","Lowe","1839","N","c55642b6-308a-47be-a9bb-a51aa269d1ad","20131008T23:07:52.756+0000","bb936268-a1b5-4b95-b6c7-9582673de66d","20131008T23:07:52.756+0000","9c2be46d-14bb-4fb7-bb12-6619f287506b","bb936268-a1b5-4b95-b6c7-9582673de66d","","","","","","","","","","","","","","",""
"","37441026","orientalis","Thunnus orientalis (Temminck & Schlegel, 1844)","SCOMBRIDAE","Thunnus","","orientalis","","Valid Name","","Species","","Temminck & Schlegel","1844","N","d0bd7748-a13e-4ef5-8011-172a3a868ba4","20120508T07:21:29.054+0000","b35bf6d6-3b67-4d4c-b81e-b7ca7a64d341","20140211T23:25:58.471+0000","9c2be46d-14bb-4fb7-bb12-6619f287506b","b35bf6d6-3b67-4d4c-b81e-b7ca7a64d341","","","","","","","","","","","","","","",""
"","37441013","tonggol","Thunnus tonggol (Bleeker, 1851)","SCOMBRIDAE","Thunnus","","tonggol","","Valid Name","","Species","","Bleeker","1851","N","c156e891-1e07-4739-a384-6b176660b0bc","20131008T23:07:52.756+0000","80f5b526-290f-40ab-a35e-042393102df1","20131008T23:07:52.756+0000","9c2be46d-14bb-4fb7-bb12-6619f287506b","80f5b526-290f-40ab-a35e-042393102df1","","","","","","","","","","","","","","",""
"","37439001","atun","Thyrsites atun (Euphrasén, 1791)","GEMPYLIDAE","Thyrsites","","atun","","Valid Name","","Species","","Euphrasén","1791","N","28bd4165-f2e1-42f6-a4bb-ab54ff69fa74","20131008T23:07:52.756+0000","bcbc2537-3276-41c4-996d-7e27b2d55929","20131008T23:07:52.756+0000","e4a14c92-90f4-4daa-ae42-baa01f4f24cd","bcbc2537-3276-41c4-996d-7e27b2d55929","","","","","","","","","","","","","","",""
"","37439016","marleyi","Thyrsitoides marleyi Fowler, 1929","GEMPYLIDAE","Thyrsitoides","","marleyi","","Valid Name","","Species","","Fowler","1929","Y","8bfb04f3-b394-4c24-8c7f-6fa03deb806d","20131008T23:07:52.756+0000","1fe7c39c-8221-46d3-a2a8-8e04634cb62a","20131008T23:07:52.756+0000","09743fa1-5fbf-4565-80c1-fb6b4cb91cea","1fe7c39c-8221-46d3-a2a8-8e04634cb62a","","","","","","","","","","","","","","",""
"","37028003","macneilli","Torpedo macneilli (Whitley, 1932)","TORPEDINIDAE","Torpedo","","macneilli","","Valid Name","","Species","","Whitley","1932","N","a058ffc8-9c04-4109-af8f-fd6780e7d83b","20120405T04:11:39.204+0000","3222a8d1-14a3-49cc-a1a7-f64528c130b7","20140806T00:51:10.888+0000","f4b3c01b-4ab8-4593-a617-86e1c1bb4b1d","3222a8d1-14a3-49cc-a1a7-f64528c130b7","","","","","","","","","","","","","","",""
"","37232076","gagates","Trachonurus gagates Iwamoto & McMillan, 1997","MACROURIDAE","Trachonurus","","gagates","","Valid Name","","Species","","Iwamoto & McMillan","1997","Y","1f9b8de2-1b43-474a-9a12-da7cf20c2dfb","20180516T06:25:43.423+0000","6aa4ad27-f9e5-4374-8b56-4b27fbd1ef52","20180731T05:42:43.637+0000","fe61d9d5-cde1-4ffd-bb31-9d94dd74c371","6aa4ad27-f9e5-4374-8b56-4b27fbd1ef52","","","","","","","","","","","","","","",""
"","37232092","sentipellis","Trachonurus sentipellis Gilbert & Cramer, 1897","MACROURIDAE","Trachonurus","","sentipellis","","Valid Name","","Species","","Gilbert & Cramer","1897","Y","d45f0582-f583-4efd-878c-542b33051161","20180411T22:50:16.904+0000","37113fb9-0d5c-4219-bbc0-94cfc74c28c9","20180731T05:42:43.637+0000","fe61d9d5-cde1-4ffd-bb31-9d94dd74c371","37113fb9-0d5c-4219-bbc0-94cfc74c28c9","","","","","","","","","","","","","","",""
"","37232093","yiwardaus","Trachonurus yiwardaus Iwamoto & Williams, 1999","MACROURIDAE","Trachonurus","","yiwardaus","","Valid Name","","Species","","Iwamoto & Williams","1999","Y","22d36dd0-b628-44f6-9c15-a26783312bae","20180411T22:50:16.904+0000","c98c8517-508f-4203-b8ff-faf9cfb339c2","20180731T05:42:43.637+0000","fe61d9d5-cde1-4ffd-bb31-9d94dd74c371","c98c8517-508f-4203-b8ff-faf9cfb339c2","","","","","","","","","","","","","","",""
"","37122071","nigrescens","Triphoturus nigrescens (Brauer, 1904)","MYCTOPHIDAE","Triphoturus","","nigrescens","","Valid Name","","Species","","Brauer","1904","N","4346847c-12b8-44e1-afe5-df26d58f568f","20081009T05:11:37.000+0000","4d97ddfa-5f19-46df-919c-4182ad70fe1e","20100727T00:07:22.682+0000","900cfabc-ceca-4914-a2b5-ffcd9a81bc96","4d97ddfa-5f19-46df-919c-4182ad70fe1e","","","","","","","","","","","","","","",""
"","37224004","gilchristi","Tripterophycis gilchristi Boulenger, 1902","MORIDAE","Tripterophycis","","gilchristi","","Valid Name","","Species","","Boulenger","1902","Y","706fc109-828e-417b-9d2d-6fbf8239f99f","20151019T02:08:18.199+0000","75d7f354-f002-4f2b-b3d7-a159f5d7dab1","20151125T23:15:40.328+0000","e3ec7e7e-d0ee-4d37-a920-312d2e908640","75d7f354-f002-4f2b-b3d7-a159f5d7dab1","","","","","","","","","","","","","","",""
"","37038010","flavomosaicus","Urolophus flavomosaicus Last & Gomon, 1987","UROLOPHIDAE","Urolophus","","flavomosaicus","","Valid Name","","Species","","Last & Gomon","1987","Y","260ab4d3-88d6-44c0-974e-5852c2585b8f","20120413T06:03:26.061+0000","c2101440-ab57-4337-b1b2-fa4b614cb3d7","20140807T05:22:35.513+0000","45c77d03-cc96-4f71-b6b2-087569ba3fab","c2101440-ab57-4337-b1b2-fa4b614cb3d7","","","","","","","","","","","","","","",""
"","37232073","johnboborum","Ventrifossa johnboborum Iwamoto, 1982","MACROURIDAE","Ventrifossa","","johnboborum","","Valid Name","","Species","","Iwamoto","1982","Y","d1a56418-d816-4d6a-9a67-5d02347bbdc3","20180515T04:21:46.286+0000","7d2ddb4b-d9d9-4300-b182-865e1ac3bb47","20180731T05:42:43.637+0000","6f0ccc6f-bde9-4529-a75e-5b084e7093ae","7d2ddb4b-d9d9-4300-b182-865e1ac3bb47","","","","","","","","","","","","","","",""
"","37232095","macropogon","Ventrifossa macropogon Marshall, 1973","MACROURIDAE","Ventrifossa","","macropogon","","Valid Name","","Species","","Marshall","1973","Y","c2abf80e-e0fc-4d99-a290-f65064d0b965","20180515T04:23:14.497+0000","9c859014-f682-4c23-8d65-471d9d54cbb7","20180731T05:42:43.637+0000","6f0ccc6f-bde9-4529-a75e-5b084e7093ae","9c859014-f682-4c23-8d65-471d9d54cbb7","","","","","","","","","","","","","","",""
"","37232074","nigrodorsalis","Ventrifossa nigrodorsalis Gilbert & Hubbs, 1920","MACROURIDAE","Ventrifossa","","nigrodorsalis","","Valid Name","","Species","","Gilbert & Hubbs","1920","Y","310d8869-ce60-44fc-97d7-1f66d5b7a17b","20180411T22:50:16.904+0000","82fa9d9a-3cba-47fe-972a-e076f202bed2","20180731T05:42:43.637+0000","6f0ccc6f-bde9-4529-a75e-5b084e7093ae","82fa9d9a-3cba-47fe-972a-e076f202bed2","","","","","","","","","","","","","","",""
"","37232096","paxtoni","Ventrifossa paxtoni Iwamoto & Williams, 1999","MACROURIDAE","Ventrifossa","","paxtoni","","Valid Name","","Species","","Iwamoto & Williams","1999","Y","117a49a6-9f69-4333-9933-65926ced4645","20180411T22:50:16.904+0000","0ebe218c-8abb-4179-b28d-76b773795c88","20180731T05:42:43.637+0000","6f0ccc6f-bde9-4529-a75e-5b084e7093ae","0ebe218c-8abb-4179-b28d-76b773795c88","","","","","","","","","","","","","","",""
"","37232097","sazonovi","Ventrifossa sazonovi Iwamoto & Williams, 1999","MACROURIDAE","Ventrifossa","","sazonovi","","Valid Name","","Species","","Iwamoto & Williams","1999","Y","c8aab849-525d-43df-9a44-a2bbd695159f","20180515T04:27:37.317+0000","956fdb7a-a760-48b3-b25f-329f252c3bf1","20180731T05:42:43.637+0000","6f0ccc6f-bde9-4529-a75e-5b084e7093ae","956fdb7a-a760-48b3-b25f-329f252c3bf1","","","","","","","","","","","","","","",""
"","37311053","anomalus","Verilus anomalus (Ogilby, 1896)","ACROPOMATIDAE","Verilus","","anomalus","","Valid Name","","Species","","Ogilby","1896","N","df625128-3769-4731-b3cf-39ec2f734928","20190126T05:55:54.686+0000","8461f747-14ed-4d45-aa86-ec0618d8cd36","20190201T00:12:16.832+0000","0cf678f8-f933-4b0f-843b-62e65a65e4e0","8461f747-14ed-4d45-aa86-ec0618d8cd36","","","","","","","","","","","","","","",""
"","37106006","nimbaria","Vinciguerria nimbaria (Jordan & Williams, 1896)","PHOSICHTHYIDAE","Vinciguerria","","nimbaria","","Valid Name","","Species","","Jordan & Williams","1896","N","4a173127-9b93-4165-b1e4-f94e38eb1581","20081009T05:11:37.000+0000","7bdc3cb7-5c70-413b-8116-937f57078607","20100727T00:03:17.157+0000","79d22370-34a7-4303-8974-ab774e81c3b8","7bdc3cb7-5c70-413b-8116-937f57078607","","","","","","","","","","","","","","",""
"","37106007","poweriae","Vinciguerria poweriae (Cocco, 1838)","PHOSICHTHYIDAE","Vinciguerria","","poweriae","","Valid Name","","Species","","Cocco","1838","N","21b22570-4f22-42cd-a7db-740ee3d93500","20081009T05:11:37.000+0000","5d2a1174-2589-48d9-9a7e-0b527d8f75a8","20100727T00:03:17.157+0000","79d22370-34a7-4303-8974-ab774e81c3b8","5d2a1174-2589-48d9-9a7e-0b527d8f75a8","","","","","","","","","","","","","","",""
"","37114002","copei","Xenodermichthys copei (Gill, 1884)","ALEPOCEPHALIDAE","Xenodermichthys","","copei","","Valid Name","","Species","","Gill","1884","N","64a6f432-73a9-4ed6-9824-a2a48f281e4f","20160523T00:06:44.378+0000","4b9859c9-8b64-458f-875a-d23a4e635542","20160606T05:32:28.811+0000","720237cb-f47c-4b86-856d-90e686137f32","4b9859c9-8b64-458f-875a-d23a4e635542","","","","","","","","","","","","","","",""
"","37265003","dalgleishi","Xenolepidichthys dalgleishi Gilchrist, 1922","GRAMMICOLEPIDIDAE","Xenolepidichthys","","dalgleishi","","Valid Name","","Species","","Gilchrist","1922","Y","4b1e0009-18b8-455d-9545-99ca89118465","20130506T03:18:41.768+0000","f2216748-bce1-41ac-9bf1-b3f0e1faf22e","20130506T04:26:12.282+0000","ebdcdb60-66be-4468-a657-4675488bb046","f2216748-bce1-41ac-9bf1-b3f0e1faf22e","","","","","","","","","","","","","","",""
"","37442001","gladius","Xiphias gladius Linnaeus, 1758","XIPHIIDAE","Xiphias","","gladius","","Valid Name","","Species","","Linnaeus","1758","Y","eb8d4c17-1e9e-45df-b941-75252048d6be","20131008T23:07:52.756+0000","d8c21d8c-584c-431d-aef4-f42812de096a","20131008T23:07:52.756+0000","b2b54782-d62c-47af-a137-2c3a6671aeb1","d8c21d8c-584c-431d-aef4-f42812de096a","","","","","","","","","","","","","","",""
"","37020042","squamulosus","Zameus squamulosus (Günther, 1877)","SOMNIOSIDAE","Zameus","","squamulosus","","Valid Name","","Species","","Günther","1877","N","8b63159f-7c2f-40d5-9e5c-8751aafe0e1f","20120305T00:11:55.411+0000","466aeb4d-ab60-4ebf-a2c5-cd5b0e00b63f","20120416T05:24:25.862+0000","41df1889-1bce-4935-aaf4-fdc276694729","466aeb4d-ab60-4ebf-a2c5-cd5b0e00b63f","","","","","","","","","","","","","","",""
"","37367005","elevatus","Zanclistius elevatus (Ramsay & Ogilby, 1888)","PENTACEROTIDAE","Zanclistius","","elevatus","","Valid Name","","Species","","Ramsay & Ogilby","1888","N","641da94d-e32e-4994-998f-a8faaf0bdb8f","20140107T23:09:55.043+0000","fc349d68-4d6b-459b-a1c8-bb7cc2433cd4","20140107T23:09:55.043+0000","b12adac6-e4fb-418c-90a0-8353ae7bee81","fc349d68-4d6b-459b-a1c8-bb7cc2433cd4","","","","","","","","","","","","","","",""
"","37264003","nebulosa","Zenopsis nebulosa (Temminck & Schlegel, 1845)","ZEIDAE","Zenopsis","","nebulosa","","Valid Name","","Species","","Temminck & Schlegel","1845","N","267b58c5-511b-4c93-9b9e-51ac76d64fb2","20130506T03:25:44.633+0000","4156f98a-c94a-43c0-9738-65eac5d9178c","20130506T04:26:12.282+0000","d37c2a74-e583-44a2-818b-d33743522728","4156f98a-c94a-43c0-9738-65eac5d9178c","","","","","","","","","","","","","","",""
